t, pose_x, pose_y, pose_theta, headingRadians, raw_gyro, poseErrorX, poseErrorY, poseErrorTheta
4.81708, 0.0, 0.0, 0.0, -0.0, 0.0, 0.0, 0.0, 0.0
4.897524, 0.0, 0.0, 0.0, -0.0, 0.0, 0.0, 0.0, 0.0
4.898797, 0.0, 0.0, 0.0, -0.0, 0.0, 0.0, 0.0, 0.0
4.899605, 0.0, 0.0, 0.0, -0.0, 0.0, 0.0, 0.0, 0.0
4.900445, 0.0, 0.0, 0.0, -0.0, 0.0, 0.0, 0.0, 0.0
4.916093, 0.0, 0.0, 0.0, -0.0, 0.0, 0.0, 0.0, 0.0
5.015987, 0.0, 0.0, 0.0, -0.0, 0.0, 0.0, 0.0, 0.0
5.017346, 0.0, 0.0, 0.0, -0.0, 0.0, 0.0, 0.0, 0.0
5.021823, 0.0, 0.0, 0.0, -0.0, 0.0, 0.0, 0.0, 0.0
5.022875, 0.0, 0.0, 0.0, -0.0, 0.0, 0.0, 0.0, 0.0
5.023385, 0.0, 0.0, 0.0, -0.0, 0.0, 0.0, 0.0, 0.0
5.0369, 0.0, 0.0, 0.0, -0.0, 0.0, 0.0, 0.0, 0.0
5.055733, 0.0, 0.0, 0.0, -0.0, 0.0, 0.0, 0.0, 0.0
5.076667, 0.0, 0.0, 0.0, -0.0, 0.0, 0.0, 0.0, 0.0
5.096629, 0.0, 0.0, 0.0, -0.0, 0.0, 0.0, 0.0, 0.0
5.116526, 0.0, 0.0, 0.0, -0.0, 0.0, 0.0, 0.0, 0.0
5.135527, 0.0, 0.0, 0.0, -0.0, 0.0, 0.0, 0.0, 0.0
5.156415, 0.0, 0.0, 0.0, -0.0, 0.0, 0.0, 0.0, 0.0
5.215068, 0.0, 0.0, 0.0, -0.0, 0.0, 0.0, 0.0, 0.0
5.215928, 0.0, 0.0, 0.0, -0.0, 0.0, 0.0, 0.0, 0.0
5.240665, 0.0, 0.0, 0.0, -0.0, 0.0, 0.0, 0.0, 0.0
5.241475, 0.0, 0.0, 0.0, -0.0, 0.0, 0.0, 0.0, 0.0
5.256174, 0.0, 0.0, 0.0, -0.0, 0.0, 0.0, 0.0, 0.0
5.276102, 0.0, 0.0, 0.0, -0.0, 0.0, 0.0, 0.0, 0.0
5.296037, 0.0, 0.0, 0.0, -0.0, 0.0, 0.0, 0.0, 0.0
5.316013, 0.0, 0.0, 0.0, -0.0, 0.0, 0.0, 0.0, 0.0
5.335985, 0.0, 0.0, 0.0, -0.0, 0.0, 0.0, 0.0, 0.0
5.355906, 0.0, 0.0, 0.0, -0.0, 0.0, 0.0, 0.0, 0.0
5.375818, 0.0, 0.0, 0.0, -0.0, 0.0, 0.0, 0.0, 0.0
5.395762, 0.0, 0.0, 0.0, -0.0, 0.0, 0.0, 0.0, 0.0
5.415732, 0.0, 0.0, 0.0, -0.0, 0.0, 0.0, 0.0, 0.0
5.435934, 0.0, 0.0, 0.0, -0.0, 0.0, 0.0, 0.0, 0.0
5.455601, 0.0, 0.0, 0.0, -0.0, 0.0, 0.0, 0.0, 0.0
5.476572, 0.0, 0.0, 0.0, -0.0, 0.0, 0.0, 0.0, 0.0
5.496486, 0.0, 0.0, 0.0, -0.0, 0.0, 0.0, 0.0, 0.0
5.516449, 0.0, 0.0, 0.0, -0.0, 0.0, 0.0, 0.0, 0.0
5.536466, 0.0, 0.0, 0.0, -0.0, 0.0, 0.0, 0.0, 0.0
5.556334, 0.0, 0.0, 0.0, -0.0, 0.0, 0.0, 0.0, 0.0
5.576289, 0.0, 0.0, 0.0, -0.0, 0.0, 0.0, 0.0, 0.0
5.596221, 0.0, 0.0, 0.0, -0.0, 0.0, 0.0, 0.0, 0.0
5.616206, 0.0, 0.0, 0.0, -0.0, 0.0, 0.0, 0.0, 0.0
5.636174, 0.0, 0.0, 0.0, -0.0, 0.0, 0.0, 0.0, 0.0
5.656088, 0.0, 0.0, 0.0, -0.0, 0.0, 0.0, 0.0, 0.0
5.676045, 0.0, 0.0, 0.0, -0.0, 0.0, 0.0, 0.0, 0.0
5.695961, 0.0, 0.0, 0.0, -0.0, 0.0, 0.0, 0.0, 0.0
5.715931, 0.0, 0.0, 0.0, -0.0, 0.0, 0.0, 0.0, 0.0
5.736056, 0.0, 0.0, 0.0, -0.0, 0.0, 0.0, 0.0, 0.0
5.7558, 0.0, 0.0, 0.0, -0.0, 0.0, 0.0, 0.0, 0.0
5.775731, 0.0, 0.0, 0.0, -0.0, 0.0, 0.0, 0.0, 0.0
5.795686, 0.0, 0.0, 0.0, -0.0, 0.0, 0.0, 0.0, 0.0
5.815655, 0.0, 0.0, 0.0, -0.0, 0.0, 0.0, 0.0, 0.0
5.84538, 0.0, 0.0, 0.0, -0.0, 0.0, 0.0, 0.0, 0.0
5.85655, 0.0, 0.0, 0.0, -0.0, 0.0, 0.0, 0.0, 0.0
5.876483, 0.0, 0.0, 0.0, -0.0, 0.0, 0.0, 0.0, 0.0
5.896447, 0.0, 0.0, 0.0, -0.0, 0.0, 0.0, 0.0, 0.0
5.916366, 0.0, 0.0, 0.0, -0.0, 0.0, 0.0, 0.0, 0.0
5.936433, 0.0, 0.0, 0.0, -0.0, 0.0, 0.0, 0.0, 0.0
5.956283, 0.0, 0.0, 0.0, -0.0, 0.0, 0.0, 0.0, 0.0
5.976397, 0.0, 0.0, 0.0, -0.0, 0.0, 0.0, 0.0, 0.0
5.996177, 0.0, 0.0, 0.0, -0.0, 0.0, 0.0, 0.0, 0.0
6.016101, 0.0, 0.0, 0.0, -0.0, 0.0, 0.0, 0.0, 0.0
6.03616, 0.0, 0.0, 0.0, -0.0, 0.0, 0.0, 0.0, 0.0
6.056054, 0.0, 0.0, 0.0, -0.0, 0.0, 0.0, 0.0, 0.0
6.075973, 0.0, 0.0, 0.0, -0.0, 0.0, 0.0, 0.0, 0.0
6.113354, 0.0, 0.0, 0.0, -0.0, 0.0, 0.0, 0.0, 0.0
6.116835, 0.0, 0.0, 0.0, -0.0, 0.0, 0.0, 0.0, 0.0
6.136002, 0.0, 0.0, 0.0, -0.0, 0.0, 0.0, 0.0, 0.0
6.155786, 0.0, 0.0, 0.0, -0.0, 0.0, 0.0, 0.0, 0.0
6.175676, 0.0, 0.0, 0.0, -0.0, 0.0, 0.0, 0.0, 0.0
6.195625, 0.0, 0.0, 0.0, -0.0, 0.0, 0.0, 0.0, 0.0
6.21558, 0.0, 0.0, 0.0, -0.0, 0.0, 0.0, 0.0, 0.0
6.236606, 0.0, 0.0, 0.0, -0.0, 0.0, 0.0, 0.0, 0.0
6.25546, 0.0, 0.0, 0.0, -0.0, 0.0, 0.0, 0.0, 0.0
6.276379, 0.0, 0.0, 0.0, -0.0, 0.0, 0.0, 0.0, 0.0
6.296345, 0.0, 0.0, 0.0, -0.0, 0.0, 0.0, 0.0, 0.0
6.316342, 0.0, 0.0, 0.0, -0.0, 0.0, 0.0, 0.0, 0.0
6.336412, 0.0, 0.0, 0.0, -0.0, 0.0, 0.0, 0.0, 0.0
6.356245, 0.0, 0.0, 0.0, -0.0, 0.0, 0.0, 0.0, 0.0
6.376148, 0.0, 0.0, 0.0, -0.0, 0.0, 0.0, 0.0, 0.0
6.396091, 0.0, 0.0, 0.0, -0.0, 0.0, 0.0, 0.0, 0.0
6.416036, 0.0, 0.0, 0.0, -0.0, 0.0, 0.0, 0.0, 0.0
6.436075, 0.0, 0.0, 0.0, -0.0, 0.0, 0.0, 0.0, 0.0
6.455931, 0.0, 0.0, 0.0, -0.0, 0.0, 0.0, 0.0, 0.0
6.475867, 0.0, 0.0, 0.0, -0.0, 0.0, 0.0, 0.0, 0.0
6.495842, 0.0, 0.0, 0.0, -0.0, 0.0, 0.0, 0.0, 0.0
6.515782, 0.0, 0.0, 0.0, -0.0, 0.0, 0.0, 0.0, 0.0
6.535905, 0.0, 0.0, 0.0, -0.0, 0.0, 0.0, 0.0, 0.0
6.556652, 0.0, 0.0, 0.0, -0.0, 0.0, 0.0, 0.0, 0.0
6.575587, 0.0, 0.0, 0.0, -0.0, 0.0, 0.0, 0.0, 0.0
6.596548, 0.0, 0.0, 0.0, -0.0, 0.0, 0.0, 0.0, 0.0
6.616513, 0.0, 0.0, 0.0, -0.0, 0.0, 0.0, 0.0, 0.0
6.636585, 0.0, 0.0, 0.0, -0.0, 0.0, 0.0, 0.0, 0.0
6.656358, 0.0, 0.0, 0.0, -0.0, 0.0, 0.0, 0.0, 0.0
6.676319, 0.0, 0.0, 0.0, -0.0, 0.0, 0.0, 0.0, 0.0
6.696273, 0.0, 0.0, 0.0, -0.0, 0.0, 0.0, 0.0, 0.0
6.722635, 0.0, 0.0, 0.0, -0.0, 0.0, 0.0, 0.0, 0.0
6.758212, 0.0, 0.0, 0.0, -0.0, 0.0, 0.0, 0.0, 0.0
6.759086, 0.0, 0.0, 0.0, -0.0, 0.0, 0.0, 0.0, 0.0
6.776048, 0.0, 0.0, 0.0, -0.0, 0.0, 0.0, 0.0, 0.0
6.796015, 0.0, 0.0, 0.0, -0.0, 0.0, 0.0, 0.0, 0.0
6.815977, 0.0, 0.0, 0.0, -0.0, 0.0, 0.0, 0.0, 0.0
6.836024, 0.0, 0.0, 0.0, -0.0, 0.0, 0.0, 0.0, 0.0
6.855841, 0.0, 0.0, 0.0, -0.0, 0.0, 0.0, 0.0, 0.0
6.875789, 0.0, 0.0, 0.0, -0.0, 0.0, 0.0, 0.0, 0.0
6.895754, 0.0, 0.0, 0.0, -0.0, 0.0, 0.0, 0.0, 0.0
6.91569, 0.0, 0.0, 0.0, -0.0, 0.0, 0.0, 0.0, 0.0
6.936929, 0.0, 0.0, 0.0, -0.0, 0.0, 0.0, 0.0, 0.0
6.95658, 0.0, 0.0, 0.0, -0.0, 0.0, 0.0, 0.0, 0.0
6.976504, 0.0, 0.0, 0.0, -0.0, 0.0, 0.0, 0.0, 0.0
6.996479, 0.0, 0.0, 0.0, -0.0, 0.0, 0.0, 0.0, 0.0
7.016409, 0.0, 0.0, 0.0, -0.0, 0.0, 0.0, 0.0, 0.0
7.036707, 0.0, 0.0, 0.0, -0.0, 0.0, 0.0, 0.0, 0.0
7.055331, 0.0, 0.0, 0.0, -0.0, 0.0, 0.0, 0.0, 0.0
7.076278, 0.0, 0.0, 0.0, -0.0, 0.0, 0.0, 0.0, 0.0
7.096214, 0.0, 0.0, 0.0, -0.0, 0.0, 0.0, 0.0, 0.0
7.116151, 0.0, 0.0, 0.0, -0.0, 0.0, 0.0, 0.0, 0.0
7.136113, 0.0, 0.0, 0.0, -0.0, 0.0, 0.0, 0.0, 0.0
7.156048, 0.0, 0.0, 0.0, -0.0, 0.0, 0.0, 0.0, 0.0
7.176024, 0.0, 0.0, 0.0, -0.0, 0.0, 0.0, 0.0, 0.0
7.195928, 0.0, 0.0, 0.0, -0.0, 0.0, 0.0, 0.0, 0.0
7.215901, 0.0, 0.0, 0.0, -0.0, 0.0, 0.0, 0.0, 0.0
7.235885, 0.0, 0.0, 0.0, -0.0, 0.0, 0.0, 0.0, 0.0
7.25677, 0.0, 0.0, 0.0, -0.0, 0.0, 0.0, 0.0, 0.0
7.275854, 0.0, 0.0, 0.0, -0.0, 0.0, 0.0, 0.0, 0.0
7.295668, 0.0, 0.0, 0.0, -0.0, 0.0, 0.0, 0.0, 0.0
7.316603, 0.0, 0.0, 0.0, -0.0, 0.0, 0.0, 0.0, 0.0
7.3359, 0.0, 0.0, 0.0, -0.0, 0.0, 0.0, 0.0, 0.0
7.356516, 0.0, 0.0, 0.0, -0.0, 0.0, 0.0, 0.0, 0.0
7.395936, 0.0, 0.0, 0.0, -0.0, 0.0, 0.0, 0.0, 0.0
7.396438, 0.0, 0.0, 0.0, -0.0, 0.0, 0.0, 0.0, 0.0
7.416372, 0.0, 0.0, 0.0, -0.0, 0.0, 0.0, 0.0, 0.0
7.436404, 0.0, 0.0, 0.0, -0.0, 0.0, 0.0, 0.0, 0.0
7.456232, 0.0, 0.0, 0.0, -0.0, 0.0, 0.0, 0.0, 0.0
7.476183, 0.0, 0.0, 0.0, -0.0, 0.0, 0.0, 0.0, 0.0
7.496115, 0.0, 0.0, 0.0, -0.0, 0.0, 0.0, 0.0, 0.0
7.516077, 0.0, 0.0, 0.0, -0.0, 0.0, 0.0, 0.0, 0.0
7.53624, 0.0, 0.0, 0.0, -0.0, 0.0, 0.0, 0.0, 0.0
7.556971, 0.0, 0.0, 0.0, -0.0, 0.0, 0.0, 0.0, 0.0
7.575935, 0.0, 0.0, 0.0, -0.0, 0.0, 0.0, 0.0, 0.0
7.595842, 0.0, 0.0, 0.0, -0.0, 0.0, 0.0, 0.0, 0.0
7.615805, 0.0, 0.0, 0.0, -0.0, 0.0, 0.0, 0.0, 0.0
7.635801, 0.0, 0.0, 0.0, -0.0, 0.0, 0.0, 0.0, 0.0
7.657391, 0.0, 0.0, 0.0, -0.0, 0.0, 0.0, 0.0, 0.0
7.676625, 0.0, 0.0, 0.0, -0.0, 0.0, 0.0, 0.0, 0.0
7.696606, 0.0, 0.0, 0.0, -0.0, 0.0, 0.0, 0.0, 0.0
7.716529, 0.0, 0.0, 0.0, -0.0, 0.0, 0.0, 0.0, 0.0
7.736608, 0.0, 0.0, 0.0, -0.0, 0.0, 0.0, 0.0, 0.0
7.755472, 0.0, 0.0, 0.0, -0.0, 0.0, 0.0, 0.0, 0.0
7.77637, 0.0, 0.0, 0.0, -0.0, 0.0, 0.0, 0.0, 0.0
7.796316, 0.0, 0.0, 0.0, -0.0, 0.0, 0.0, 0.0, 0.0
7.816291, 0.0, 0.0, 0.0, -0.0, 0.0, 0.0, 0.0, 0.0
7.836512, 0.0, 0.0, 0.0, -0.0, 0.0, 0.0, 0.0, 0.0
7.856198, 0.0, 0.0, 0.0, -0.0, 0.0, 0.0, 0.0, 0.0
7.876111, 0.0, 0.0, 0.0, -0.0, 0.0, 0.0, 0.0, 0.0
7.896047, 0.0, 0.0, 0.0, -0.0, 0.0, 0.0, 0.0, 0.0
7.915995, 0.0, 0.0, 0.0, -0.0, 0.0, 0.0, 0.0, 0.0
7.936207, 0.0, 0.0, 0.0, -0.0, 0.0, 0.0, 0.0, 0.0
7.956881, 0.0, 0.0, 0.0, -0.0, 0.0, 0.0, 0.0, 0.0
7.975861, 0.0, 0.0, 0.0, -0.0, 0.0, 0.0, 0.0, 0.0
7.995786, 0.0, 0.0, 0.0, -0.0, 0.0, 0.0, 0.0, 0.0
8.015755, 0.0, 0.0, 0.0, -0.0, 0.0, 0.0, 0.0, 0.0
8.036877, 0.0, 0.0, 0.0, -0.0, 0.0, 0.0, 0.0, 0.0
8.055627, 0.0, 0.0, 0.0, -0.0, 0.0, 0.0, 0.0, 0.0
8.076563, 0.0, 0.0, 0.0, -0.0, 0.0, 0.0, 0.0, 0.0
8.096515, 0.0, 0.0, 0.0, -0.0, 0.0, 0.0, 0.0, 0.0
8.116476, 0.0, 0.0, 0.0, -0.0, 0.0, 0.0, 0.0, 0.0
8.136493, 0.0, 0.0, 0.0, -0.0, 0.0, 0.0, 0.0, 0.0
8.156356, 0.0, 0.0, 0.0, -0.0, 0.0, 0.0, 0.0, 0.0
8.176333, 0.0, 0.0, 0.0, -0.0, 0.0, 0.0, 0.0, 0.0
8.196268, 0.0, 0.0, 0.0, -0.0, 0.0, 0.0, 0.0, 0.0
8.216212, 0.0, 0.0, 0.0, -0.0, 0.0, 0.0, 0.0, 0.0
8.236516, 0.0, 0.0, 0.0, -0.0, 0.0, 0.0, 0.0, 0.0
8.256127, 0.0, 0.0, 0.0, -0.0, 0.0, 0.0, 0.0, 0.0
8.276043, 0.0, 0.0, 0.0, -0.0, 0.0, 0.0, 0.0, 0.0
8.296021, 0.0, 0.0, 0.0, -0.0, 0.0, 0.0, 0.0, 0.0
8.315949, 0.0, 0.0, 0.0, -0.0, 0.0, 0.0, 0.0, 0.0
8.335929, 0.0, 0.0, 0.0, -0.0, 0.0, 0.0, 0.0, 0.0
8.355829, 0.0, 0.0, 0.0, -0.0, 0.0, 0.0, 0.0, 0.0
8.37577, 0.0, 0.0, 0.0, -0.0, 0.0, 0.0, 0.0, 0.0
8.395745, 0.0, 0.0, 0.0, -0.0, 0.0, 0.0, 0.0, 0.0
8.41667, 0.0, 0.0, 0.0, -0.0, 0.0, 0.0, 0.0, 0.0
8.436806, 0.0, 0.0, 0.0, -0.0, 0.0, 0.0, 0.0, 0.0
8.455576, 0.0, 0.0, 0.0, -0.0, 0.0, 0.0, 0.0, 0.0
8.476515, 0.0, 0.0, 0.0, -0.0, 0.0, 0.0, 0.0, 0.0
8.496466, 0.0, 0.0, 0.0, -0.0, 0.0, 0.0, 0.0, 0.0
8.516399, 0.0, 0.0, 0.0, -0.0, 0.0, 0.0, 0.0, 0.0
8.536403, 0.0, 0.0, 0.0, -0.0, 0.0, 0.0, 0.0, 0.0
8.556279, 0.0, 0.0, 0.0, -0.0, 0.0, 0.0, 0.0, 0.0
8.576271, 0.0, 0.0, 0.0, -0.0, 0.0, 0.0, 0.0, 0.0
8.596195, 0.0, 0.0, 0.0, -0.0, 0.0, 0.0, 0.0, 0.0
8.616171, 0.0, 0.0, 0.0, -0.0, 0.0, 0.0, 0.0, 0.0
8.636355, 0.0, 0.0, 0.0, -0.0, 0.0, 0.0, 0.0, 0.0
8.65607, 0.0, 0.0, 0.0, -0.0, 0.0, 0.0, 0.0, 0.0
8.675981, 0.0, 0.0, 0.0, -0.0, 0.0, 0.0, 0.0, 0.0
8.695927, 0.0, 0.0, 0.0, -0.0, 0.0, 0.0, 0.0, 0.0
8.715872, 0.0, 0.0, 0.0, -0.0, 0.0, 0.0, 0.0, 0.0
8.736087, 0.0, 0.0, 0.0, -0.0, 0.0, 0.0, 0.0, 0.0
8.755773, 0.0, 0.0, 0.0, -0.0, 0.0, 0.0, 0.0, 0.0
8.775707, 0.0, 0.0, 0.0, -0.0, 0.0, 0.0, 0.0, 0.0
8.796647, 0.0, 0.0, 0.0, -0.0, 0.0, 0.0, 0.0, 0.0
8.816584, 0.0, 0.0, 0.0, -0.0, 0.0, 0.0, 0.0, 0.0
8.836589, 0.0, 0.0, 0.0, -0.0, 0.0, 0.0, 0.0, 0.0
8.856496, 0.0, 0.0, 0.0, -0.0, 0.0, 0.0, 0.0, 0.0
8.876451, 0.0, 0.0, 0.0, -0.0, 0.0, 0.0, 0.0, 0.0
8.896385, 0.0, 0.0, 0.0, -0.0, 0.0, 0.0, 0.0, 0.0
8.916331, 0.0, 0.0, 0.0, -0.0, 0.0, 0.0, 0.0, 0.0
8.936478, 0.0, 0.0, 0.0, -0.0, 0.0, 0.0, 0.0, 0.0
8.956211, 0.0, 0.0, 0.0, -0.0, 0.0, 0.0, 0.0, 0.0
8.976179, 0.0, 0.0, 0.0, -0.0, 0.0, 0.0, 0.0, 0.0
8.996125, 0.0, 0.0, 0.0, -0.0, 0.0, 0.0, 0.0, 0.0
9.016052, 0.0, 0.0, 0.0, -0.0, 0.0, 0.0, 0.0, 0.0
9.036231, 0.0, 0.0, 0.0, -0.0, 0.0, 0.0, 0.0, 0.0
9.055971, 0.0, 0.0, 0.0, -0.0, 0.0, 0.0, 0.0, 0.0
9.075905, 0.0, 0.0, 0.0, -0.0, 0.0, 0.0, 0.0, 0.0
9.095848, 0.0, 0.0, 0.0, -0.0, 0.0, 0.0, 0.0, 0.0
9.115806, 0.0, 0.0, 0.0, -0.0, 0.0, 0.0, 0.0, 0.0
9.135772, 0.0, 0.0, 0.0, -0.0, 0.0, 0.0, 0.0, 0.0
9.155688, 0.0, 0.0, 0.0, -0.0, 0.0, 0.0, 0.0, 0.0
9.176646, 0.0, 0.0, 0.0, -0.0, 0.0, 0.0, 0.0, 0.0
9.196598, 0.0, 0.0, 0.0, -0.0, 0.0, 0.0, 0.0, 0.0
9.216531, 0.0, 0.0, 0.0, -0.0, 0.0, 0.0, 0.0, 0.0
23.50509, 0.0, 0.0, 0.0, -0.0, 0.0, 0.0, 0.0, 0.0
23.555542, 0.0, 0.0, 0.0, -0.0, 0.0, 0.0, 0.0, 0.0
23.557631, 0.0, 0.0, 0.0, -0.0, 0.0, 0.0, 0.0, 0.0
23.558875, 0.0, 0.0, 0.0, -0.0, 0.0, 0.0, 0.0, 0.0
23.559511, 0.0, 0.0, 0.0, -0.0, 0.0, 0.0, 0.0, 0.0
23.56015, 0.0, 0.0, 0.0, -0.0, 0.0, 0.0, 0.0, 0.0
23.560733, 0.0, 0.0, 0.0, -0.0, 0.0, 0.0, 0.0, 0.0
23.563192, 0.0, 0.0, 0.0, -0.0, 0.0, 0.0, 0.0, 0.0
23.569901, 0.0, 0.0, 0.0, -0.0, 0.0, 0.0, 0.0, 0.0
23.570708, 0.0, 0.0, 0.0, -0.0, 0.0, 0.0, 0.0, 0.0
23.572726, 0.0, 0.0, 0.0, -0.0, 0.0, 0.0, 0.0, 0.0
23.573869, 0.0, 0.0, 0.0, -0.0, 0.0, 0.0, 0.0, 0.0
23.574651, 0.0, 0.0, 0.0, -0.0, 0.0, 0.0, 0.0, 0.0
23.575345, 0.0, 0.0, 0.0, -0.0, 0.0, 0.0, 0.0, 0.0
23.576001, 0.0, 0.0, 0.0, -0.0, 0.0, 0.0, 0.0, 0.0
23.576751, 0.0, 0.0, 0.0, -0.0, 0.0, 0.0, 0.0, 0.0
23.577363, 0.0, 0.0, 0.0, -0.0, 0.0, 0.0, 0.0, 0.0
23.577836, 0.0, 0.0, 0.0, -0.0, 0.0, 0.0, 0.0, 0.0
23.578433, 0.0, 0.0, 0.0, -0.0, 0.0, 0.0, 0.0, 0.0
23.585669, 0.0, 0.0, 0.0, -0.0, 0.0, 0.0, 0.0, 0.0
23.594862, 0.0, 0.0, 0.0, -0.0, 0.0, 0.0, 0.0, 0.0
23.596127, 0.0, 0.0, 0.0, -0.0, 0.0, 0.0, 0.0, 0.0
23.596636, 0.0, 0.0, 0.0, -0.0, 0.0, 0.0, 0.0, 0.0
23.601075, 0.0, 0.0, 0.0, -0.0, 0.0, 0.0, 0.0, 0.0
23.601548, 0.0, 0.0, 0.0, -0.0, 0.0, 0.0, 0.0, 0.0
23.601936, 0.0, 0.0, 0.0, -0.0, 0.0, 0.0, 0.0, 0.0
23.60263, 0.0, 0.0, 0.0, -0.0, 0.0, 0.0, 0.0, 0.0
23.603238, 0.0, 0.0, 0.0, -0.0, 0.0, 0.0, 0.0, 0.0
23.603815, 0.0, 0.0, 0.0, -0.0, 0.0, 0.0, 0.0, 0.0
23.604479, 0.0, 0.0, 0.0, -0.0, 0.0, 0.0, 0.0, 0.0
23.605203, 0.0, 0.0, 0.0, -0.0, 0.0, 0.0, 0.0, 0.0
23.605863, 0.0, 0.0, 0.0, -0.0, 0.0, 0.0, 0.0, 0.0
23.606514, 0.0, 0.0, 0.0, -0.0, 0.0, 0.0, 0.0, 0.0
23.607288, 0.0, 0.0, 0.0, -0.0, 0.0, 0.0, 0.0, 0.0
23.607793, 0.0, 0.0, 0.0, -0.0, 0.0, 0.0, 0.0, 0.0
23.688553, 0.0, 0.0, 0.0, -0.0, 0.0, 0.0, 0.0, 0.0
23.689243, 0.0, 0.0, 0.0, -0.0, 0.0, 0.0, 0.0, 0.0
23.689662, 0.0, 0.0, 0.0, -0.0, 0.0, 0.0, 0.0, 0.0
23.690175, 0.0, 0.0, 0.0, -0.0, 0.0, 0.0, 0.0, 0.0
23.69064, 0.0, 0.0, 0.0, -0.0, 0.0, 0.0, 0.0, 0.0
23.691125, 0.0, 0.0, 0.0, -0.0, 0.0, 0.0, 0.0, 0.0
23.691629, 0.0, 0.0, 0.0, -0.0, 0.0, 0.0, 0.0, 0.0
23.692144, 0.0, 0.0, 0.0, -0.0, 0.0, 0.0, 0.0, 0.0
23.692585, 0.0, 0.0, 0.0, -0.0, 0.0, 0.0, 0.0, 0.0
23.693152, 0.0, 0.0, 0.0, -0.0, 0.0, 0.0, 0.0, 0.0
23.693726, 0.0, 0.0, 0.0, -0.0, 0.0, 0.0, 0.0, 0.0
23.694246, 0.0, 0.0, 0.0, -0.0, 0.0, 0.0, 0.0, 0.0
23.69475, 0.0, 0.0, 0.0, -0.0, 0.0, 0.0, 0.0, 0.0
23.695265, 0.0, 0.0, 0.0, -0.0, 0.0, 0.0, 0.0, 0.0
23.695815, 0.0, 0.0, 0.0, -0.0, 0.0, 0.0, 0.0, 0.0
23.69624, 0.0, 0.0, 0.0, -0.0, 0.0, 0.0, 0.0, 0.0
23.696615, 0.0, 0.0, 0.0, -0.0, 0.0, 0.0, 0.0, 0.0
23.697246, 0.0, 0.0, 0.0, -0.0, 0.0, 0.0, 0.0, 0.0
23.69837, 0.0, 0.0, 0.0, -0.0, 0.0, 0.0, 0.0, 0.0
23.699292, 0.0, 0.0, 0.0, -0.0, 0.0, 0.0, 0.0, 0.0
23.700592, 0.0, 0.0, 0.0, -0.0, 0.0, 0.0, 0.0, 0.0
23.702016, 0.0, 0.0, 0.0, -0.0, 0.0, 0.0, 0.0, 0.0
23.702536, 0.0, 0.0, 0.0, -0.0, 0.0, 0.0, 0.0, 0.0
23.70291, 0.0, 0.0, 0.0, -0.0, 0.0, 0.0, 0.0, 0.0
23.703264, 0.0, 0.0, 0.0, -0.0, 0.0, 0.0, 0.0, 0.0
23.703622, 0.0, 0.0, 0.0, -0.0, 0.0, 0.0, 0.0, 0.0
23.704035, 0.0, 0.0, 0.0, -0.0, 0.0, 0.0, 0.0, 0.0
23.704411, 0.0, 0.0, 0.0, -0.0, 0.0, 0.0, 0.0, 0.0
23.704809, 0.0, 0.0, 0.0, -0.0, 0.0, 0.0, 0.0, 0.0
23.705203, 0.0, 0.0, 0.0, -0.0, 0.0, 0.0, 0.0, 0.0
23.705881, 0.0, 0.0, 0.0, -0.0, 0.0, 0.0, 0.0, 0.0
23.706413, 0.0, 0.0, 0.0, -0.0, 0.0, 0.0, 0.0, 0.0
23.7069, 0.0, 0.0, 0.0, -0.0, 0.0, 0.0, 0.0, 0.0
23.707283, 0.0, 0.0, 0.0, -0.0, 0.0, 0.0, 0.0, 0.0
23.70764, 0.0, 0.0, 0.0, -0.0, 0.0, 0.0, 0.0, 0.0
23.708069, 0.0, 0.0, 0.0, -0.0, 0.0, 0.0, 0.0, 0.0
23.708497, 0.0, 0.0, 0.0, -0.0, 0.0, 0.0, 0.0, 0.0
23.709016, 0.0, 0.0, 0.0, -0.0, 0.0, 0.0, 0.0, 0.0
23.709477, 0.0, 0.0, 0.0, -0.0, 0.0, 0.0, 0.0, 0.0
23.710048, 0.0, 0.0, 0.0, -0.0, 0.0, 0.0, 0.0, 0.0
23.710569, 0.0, 0.0, 0.0, -0.0, 0.0, 0.0, 0.0, 0.0
23.711114, 0.0, 0.0, 0.0, -0.0, 0.0, 0.0, 0.0, 0.0
23.711592, 0.0, 0.0, 0.0, -0.0, 0.0, 0.0, 0.0, 0.0
23.712098, 0.0, 0.0, 0.0, -0.0, 0.0, 0.0, 0.0, 0.0
23.712581, 0.0, 0.0, 0.0, -0.0, 0.0, 0.0, 0.0, 0.0
23.713037, 0.0, 0.0, 0.0, -0.0, 0.0, 0.0, 0.0, 0.0
23.713551, 0.0, 0.0, 0.0, -0.0, 0.0, 0.0, 0.0, 0.0
23.713982, 0.0, 0.0, 0.0, -0.0, 0.0, 0.0, 0.0, 0.0
23.714432, 0.0, 0.0, 0.0, -0.0, 0.0, 0.0, 0.0, 0.0
23.71532, 0.0, 0.0, 0.0, -0.0, 0.0, 0.0, 0.0, 0.0
23.716544, 0.0, 0.0, 0.0, -0.0, 0.0, 0.0, 0.0, 0.0
23.71758, 0.0, 0.0, 0.0, -0.0, 0.0, 0.0, 0.0, 0.0
23.718092, 0.0, 0.0, 0.0, -0.0, 0.0, 0.0, 0.0, 0.0
23.718479, 0.0, 0.0, 0.0, -0.0, 0.0, 0.0, 0.0, 0.0
23.718816, 0.0, 0.0, 0.0, -0.0, 0.0, 0.0, 0.0, 0.0
23.719145, 0.0, 0.0, 0.0, -0.0, 0.0, 0.0, 0.0, 0.0
23.719451, 0.0, 0.0, 0.0, -0.0, 0.0, 0.0, 0.0, 0.0
23.719753, 0.0, 0.0, 0.0, -0.0, 0.0, 0.0, 0.0, 0.0
23.72011, 0.0, 0.0, 0.0, -0.0, 0.0, 0.0, 0.0, 0.0
23.720506, 0.0, 0.0, 0.0, -0.0, 0.0, 0.0, 0.0, 0.0
23.720881, 0.0, 0.0, 0.0, -0.0, 0.0, 0.0, 0.0, 0.0
23.721237, 0.0, 0.0, 0.0, -0.0, 0.0, 0.0, 0.0, 0.0
23.72159, 0.0, 0.0, 0.0, -0.0, 0.0, 0.0, 0.0, 0.0
23.741117, 0.0, 0.0, 0.0, -0.0, 0.0, 0.0, 0.0, 0.0
23.741699, 0.0, 0.0, 0.0, -0.0, 0.0, 0.0, 0.0, 0.0
23.742248, 0.0, 0.0, 0.0, -0.0, 0.0, 0.0, 0.0, 0.0
23.74321, 0.0, 0.0, 0.0, -0.0, 0.0, 0.0, 0.0, 0.0
23.744211, 0.0, 0.0, 0.0, -0.0, 0.0, 0.0, 0.0, 0.0
23.744665, 0.0, 0.0, 0.0, -0.0, 0.0, 0.0, 0.0, 0.0
23.745186, 0.0, 0.0, 0.0, -0.0, 0.0, 0.0, 0.0, 0.0
23.745843, 0.0, 0.0, 0.0, -0.0, 0.0, 0.0, 0.0, 0.0
23.746451, 0.0, 0.0, 0.0, -0.0, 0.0, 0.0, 0.0, 0.0
23.753286, 0.0, 0.0, 0.0, -0.0, 0.0, 0.0, 0.0, 0.0
23.754116, 0.0, 0.0, 0.0, -0.0, 0.0, 0.0, 0.0, 0.0
23.75449, 0.0, 0.0, 0.0, -0.0, 0.0, 0.0, 0.0, 0.0
23.755034, 0.0, 0.0, 0.0, -0.0, 0.0, 0.0, 0.0, 0.0
23.755634, 0.0, 0.0, 0.0, -0.0, 0.0, 0.0, 0.0, 0.0
23.756041, 0.0, 0.0, 0.0, -0.0, 0.0, 0.0, 0.0, 0.0
23.756391, 0.0, 0.0, 0.0, -0.0, 0.0, 0.0, 0.0, 0.0
23.756687, 0.0, 0.0, 0.0, -0.0, 0.0, 0.0, 0.0, 0.0
23.756942, 0.0, 0.0, 0.0, -0.0, 0.0, 0.0, 0.0, 0.0
23.757197, 0.0, 0.0, 0.0, -0.0, 0.0, 0.0, 0.0, 0.0
23.757454, 0.0, 0.0, 0.0, -0.0, 0.0, 0.0, 0.0, 0.0
23.757892, 0.0, 0.0, 0.0, -0.0, 0.0, 0.0, 0.0, 0.0
23.758356, 0.0, 0.0, 0.0, -0.0, 0.0, 0.0, 0.0, 0.0
23.759399, 0.0, 0.0, 0.0, -0.0, 0.0, 0.0, 0.0, 0.0
23.759934, 0.0, 0.0, 0.0, -0.0, 0.0, 0.0, 0.0, 0.0
23.76038, 0.0, 0.0, 0.0, -0.0, 0.0, 0.0, 0.0, 0.0
23.761013, 0.0, 0.0, 0.0, -0.0, 0.0, 0.0, 0.0, 0.0
23.761495, 0.0, 0.0, 0.0, -0.0, 0.0, 0.0, 0.0, 0.0
23.761931, 0.0, 0.0, 0.0, -0.0, 0.0, 0.0, 0.0, 0.0
23.762349, 0.0, 0.0, 0.0, -0.0, 0.0, 0.0, 0.0, 0.0
23.762856, 0.0, 0.0, 0.0, -0.0, 0.0, 0.0, 0.0, 0.0
23.763278, 0.0, 0.0, 0.0, -0.0, 0.0, 0.0, 0.0, 0.0
23.764197, 0.0, 0.0, 0.0, -0.0, 0.0, 0.0, 0.0, 0.0
23.766802, 0.0, 0.0, 0.0, -0.0, 0.0, 0.0, 0.0, 0.0
23.767916, 0.0, 0.0, 0.0, -0.0, 0.0, 0.0, 0.0, 0.0
23.76895, 0.0, 0.0, 0.0, -0.0, 0.0, 0.0, 0.0, 0.0
23.769475, 0.0, 0.0, 0.0, -0.0, 0.0, 0.0, 0.0, 0.0
23.76997, 0.0, 0.0, 0.0, -0.0, 0.0, 0.0, 0.0, 0.0
23.770376, 0.0, 0.0, 0.0, -0.0, 0.0, 0.0, 0.0, 0.0
23.770748, 0.0, 0.0, 0.0, -0.0, 0.0, 0.0, 0.0, 0.0
23.771102, 0.0, 0.0, 0.0, -0.0, 0.0, 0.0, 0.0, 0.0
23.771432, 0.0, 0.0, 0.0, -0.0, 0.0, 0.0, 0.0, 0.0
23.771823, 0.0, 0.0, 0.0, -0.0, 0.0, 0.0, 0.0, 0.0
23.772134, 0.0, 0.0, 0.0, -0.0, 0.0, 0.0, 0.0, 0.0
23.77243, 0.0, 0.0, 0.0, -0.0, 0.0, 0.0, 0.0, 0.0
23.772828, 0.0, 0.0, 0.0, -0.0, 0.0, 0.0, 0.0, 0.0
23.773194, 0.0, 0.0, 0.0, -0.0, 0.0, 0.0, 0.0, 0.0
23.773567, 0.0, 0.0, 0.0, -0.0, 0.0, 0.0, 0.0, 0.0
23.773965, 0.0, 0.0, 0.0, -0.0, 0.0, 0.0, 0.0, 0.0
23.774292, 0.0, 0.0, 0.0, -0.0, 0.0, 0.0, 0.0, 0.0
23.774685, 0.0, 0.0, 0.0, -0.0, 0.0, 0.0, 0.0, 0.0
23.775289, 0.0, 0.0, 0.0, -0.0, 0.0, 0.0, 0.0, 0.0
23.775917, 0.0, 0.0, 0.0, -0.0, 0.0, 0.0, 0.0, 0.0
23.776542, 0.0, 0.0, 0.0, -0.0, 0.0, 0.0, 0.0, 0.0
23.777039, 0.0, 0.0, 0.0, -0.0, 0.0, 0.0, 0.0, 0.0
23.777539, 0.0, 0.0, 0.0, -0.0, 0.0, 0.0, 0.0, 0.0
23.777949, 0.0, 0.0, 0.0, -0.0, 0.0, 0.0, 0.0, 0.0
23.77835, 0.0, 0.0, 0.0, -0.0, 0.0, 0.0, 0.0, 0.0
23.778713, 0.0, 0.0, 0.0, -0.0, 0.0, 0.0, 0.0, 0.0
23.779016, 0.0, 0.0, 0.0, -0.0, 0.0, 0.0, 0.0, 0.0
23.779253, 0.0, 0.0, 0.0, -0.0, 0.0, 0.0, 0.0, 0.0
23.779493, 0.0, 0.0, 0.0, -0.0, 0.0, 0.0, 0.0, 0.0
23.779817, 0.0, 0.0, 0.0, -0.0, 0.0, 0.0, 0.0, 0.0
23.780136, 0.0, 0.0, 0.0, -0.0, 0.0, 0.0, 0.0, 0.0
23.820971, 0.0, 0.0, 0.0, -0.0, 0.0, 0.0, 0.0, 0.0
23.849535, 0.0, 0.0, 0.0, -0.0, 0.0, 0.0, 0.0, 0.0
23.850725, 0.0, 0.0, 0.0, -0.0, 0.0, 0.0, 0.0, 0.0
23.851112, 0.0, 0.0, 0.0, -0.0, 0.0, 0.0, 0.0, 0.0
23.851598, 0.0, 0.0, 0.0, -0.0, 0.0, 0.0, 0.0, 0.0
23.851992, 0.0, 0.0, 0.0, -0.0, 0.0, 0.0, 0.0, 0.0
23.852417, 0.0, 0.0, 0.0, -0.0, 0.0, 0.0, 0.0, 0.0
23.852963, 0.0, 0.0, 0.0, -0.0, 0.0, 0.0, 0.0, 0.0
23.853533, 0.0, 0.0, 0.0, -0.0, 0.0, 0.0, 0.0, 0.0
23.853975, 0.0, 0.0, 0.0, -0.0, 0.0, 0.0, 0.0, 0.0
23.85439, 0.0, 0.0, 0.0, -0.0, 0.0, 0.0, 0.0, 0.0
23.854854, 0.0, 0.0, 0.0, -0.0, 0.0, 0.0, 0.0, 0.0
23.855615, 0.0, 0.0, 0.0, -0.0, 0.0, 0.0, 0.0, 0.0
23.856189, 0.0, 0.0, 0.0, -0.0, 0.0, 0.0, 0.0, 0.0
23.857442, 0.0, 0.0, 0.0, -0.0, 0.0, 0.0, 0.0, 0.0
23.858051, 0.0, 0.0, 0.0, -0.0, 0.0, 0.0, 0.0, 0.0
23.858405, 0.0, 0.0, 0.0, -0.0, 0.0, 0.0, 0.0, 0.0
23.858686, 0.0, 0.0, 0.0, -0.0, 0.0, 0.0, 0.0, 0.0
23.858936, 0.0, 0.0, 0.0, -0.0, 0.0, 0.0, 0.0, 0.0
23.859176, 0.0, 0.0, 0.0, -0.0, 0.0, 0.0, 0.0, 0.0
23.859561, 0.0, 0.0, 0.0, -0.0, 0.0, 0.0, 0.0, 0.0
23.859975, 0.0, 0.0, 0.0, -0.0, 0.0, 0.0, 0.0, 0.0
23.860308, 0.0, 0.0, 0.0, -0.0, 0.0, 0.0, 0.0, 0.0
23.860673, 0.0, 0.0, 0.0, -0.0, 0.0, 0.0, 0.0, 0.0
23.861175, 0.0, 0.0, 0.0, -0.0, 0.0, 0.0, 0.0, 0.0
23.86156, 0.0, 0.0, 0.0, -0.0, 0.0, 0.0, 0.0, 0.0
23.861837, 0.0, 0.0, 0.0, -0.0, 0.0, 0.0, 0.0, 0.0
23.862159, 0.0, 0.0, 0.0, -0.0, 0.0, 0.0, 0.0, 0.0
23.8625, 0.0, 0.0, 0.0, -0.0, 0.0, 0.0, 0.0, 0.0
23.86281, 0.0, 0.0, 0.0, -0.0, 0.0, 0.0, 0.0, 0.0
23.863114, 0.0, 0.0, 0.0, -0.0, 0.0, 0.0, 0.0, 0.0
23.864502, 0.0, 0.0, 0.0, -0.0, 0.0, 0.0, 0.0, 0.0
23.866015, 0.0, 0.0, 0.0, -0.0, 0.0, 0.0, 0.0, 0.0
23.867034, 0.0, 0.0, 0.0, -0.0, 0.0, 0.0, 0.0, 0.0
23.868161, 0.0, 0.0, 0.0, -0.0, 0.0, 0.0, 0.0, 0.0
23.868714, 0.0, 0.0, 0.0, -0.0, 0.0, 0.0, 0.0, 0.0
23.869615, 0.0, 0.0, 0.0, -0.0, 0.0, 0.0, 0.0, 0.0
23.870416, 0.0, 0.0, 0.0, -0.0, 0.0, 0.0, 0.0, 0.0
23.870861, 0.0, 0.0, 0.0, -0.0, 0.0, 0.0, 0.0, 0.0
23.871656, 0.0, 0.0, 0.0, -0.0, 0.0, 0.0, 0.0, 0.0
23.872596, 0.0, 0.0, 0.0, -0.0, 0.0, 0.0, 0.0, 0.0
23.873262, 0.0, 0.0, 0.0, -0.0, 0.0, 0.0, 0.0, 0.0
23.873627, 0.0, 0.0, 0.0, -0.0, 0.0, 0.0, 0.0, 0.0
23.874056, 0.0, 0.0, 0.0, -0.0, 0.0, 0.0, 0.0, 0.0
23.874833, 0.0, 0.0, 0.0, -0.0, 0.0, 0.0, 0.0, 0.0
23.875302, 0.0, 0.0, 0.0, -0.0, 0.0, 0.0, 0.0, 0.0
23.875669, 0.0, 0.0, 0.0, -0.0, 0.0, 0.0, 0.0, 0.0
23.875967, 0.0, 0.0, 0.0, -0.0, 0.0, 0.0, 0.0, 0.0
23.876322, 0.0, 0.0, 0.0, -0.0, 0.0, 0.0, 0.0, 0.0
23.876643, 0.0, 0.0, 0.0, -0.0, 0.0, 0.0, 0.0, 0.0
23.876945, 0.0, 0.0, 0.0, -0.0, 0.0, 0.0, 0.0, 0.0
23.877246, 0.0, 0.0, 0.0, -0.0, 0.0, 0.0, 0.0, 0.0
23.877493, 0.0, 0.0, 0.0, -0.0, 0.0, 0.0, 0.0, 0.0
23.877729, 0.0, 0.0, 0.0, -0.0, 0.0, 0.0, 0.0, 0.0
23.877968, 0.0, 0.0, 0.0, -0.0, 0.0, 0.0, 0.0, 0.0
23.878225, 0.0, 0.0, 0.0, -0.0, 0.0, 0.0, 0.0, 0.0
23.878565, 0.0, 0.0, 0.0, -0.0, 0.0, 0.0, 0.0, 0.0
23.878867, 0.0, 0.0, 0.0, -0.0, 0.0, 0.0, 0.0, 0.0
23.879252, 0.0, 0.0, 0.0, -0.0, 0.0, 0.0, 0.0, 0.0
23.87955, 0.0, 0.0, 0.0, -0.0, 0.0, 0.0, 0.0, 0.0
23.87981, 0.0, 0.0, 0.0, -0.0, 0.0, 0.0, 0.0, 0.0
23.880066, 0.0, 0.0, 0.0, -0.0, 0.0, 0.0, 0.0, 0.0
23.880621, 0.0, 0.0, 0.0, -0.0, 0.0, 0.0, 0.0, 0.0
23.880967, 0.0, 0.0, 0.0, -0.0, 0.0, 0.0, 0.0, 0.0
23.88269, 0.0, 0.0, 0.0, -0.0, 0.0, 0.0, 0.0, 0.0
23.883515, 0.0, 0.0, 0.0, -0.0, 0.0, 0.0, 0.0, 0.0
23.88431, 0.0, 0.0, 0.0, -0.0, 0.0, 0.0, 0.0, 0.0
23.884741, 0.0, 0.0, 0.0, -0.0, 0.0, 0.0, 0.0, 0.0
23.885112, 0.0, 0.0, 0.0, -0.0, 0.0, 0.0, 0.0, 0.0
23.885706, 0.0, 0.0, 0.0, -0.0, 0.0, 0.0, 0.0, 0.0
23.886029, 0.0, 0.0, 0.0, -0.0, 0.0, 0.0, 0.0, 0.0
23.886418, 0.0, 0.0, 0.0, -0.0, 0.0, 0.0, 0.0, 0.0
23.886789, 0.0, 0.0, 0.0, -0.0, 0.0, 0.0, 0.0, 0.0
23.887094, 0.0, 0.0, 0.0, -0.0, 0.0, 0.0, 0.0, 0.0
23.88749, 0.0, 0.0, 0.0, -0.0, 0.0, 0.0, 0.0, 0.0
23.887833, 0.0, 0.0, 0.0, -0.0, 0.0, 0.0, 0.0, 0.0
23.888149, 0.0, 0.0, 0.0, -0.0, 0.0, 0.0, 0.0, 0.0
23.888612, 0.0, 0.0, 0.0, -0.0, 0.0, 0.0, 0.0, 0.0
23.888983, 0.0, 0.0, 0.0, -0.0, 0.0, 0.0, 0.0, 0.0
23.889468, 0.0, 0.0, 0.0, -0.0, 0.0, 0.0, 0.0, 0.0
23.88978, 0.0, 0.0, 0.0, -0.0, 0.0, 0.0, 0.0, 0.0
23.890058, 0.0, 0.0, 0.0, -0.0, 0.0, 0.0, 0.0, 0.0
23.890353, 0.0, 0.0, 0.0, -0.0, 0.0, 0.0, 0.0, 0.0
23.890769, 0.0, 0.0, 0.0, -0.0, 0.0, 0.0, 0.0, 0.0
23.891152, 0.0, 0.0, 0.0, -0.0, 0.0, 0.0, 0.0, 0.0
23.891505, 0.0, 0.0, 0.0, -0.0, 0.0, 0.0, 0.0, 0.0
23.891883, 0.0, 0.0, 0.0, -0.0, 0.0, 0.0, 0.0, 0.0
23.892267, 0.0, 0.0, 0.0, -0.0, 0.0, 0.0, 0.0, 0.0
23.892586, 0.0, 0.0, 0.0, -0.0, 0.0, 0.0, 0.0, 0.0
23.892855, 0.0, 0.0, 0.0, -0.0, 0.0, 0.0, 0.0, 0.0
23.893089, 0.0, 0.0, 0.0, -0.0, 0.0, 0.0, 0.0, 0.0
23.893361, 0.0, 0.0, 0.0, -0.0, 0.0, 0.0, 0.0, 0.0
23.893602, 0.0, 0.0, 0.0, -0.0, 0.0, 0.0, 0.0, 0.0
23.893808, 0.0, 0.0, 0.0, -0.0, 0.0, 0.0, 0.0, 0.0
23.91949, 0.0, 0.0, 0.0, -0.0, 0.0, 0.0, 0.0, 0.0
23.919993, 0.0, 0.0, 0.0, -0.0, 0.0, 0.0, 0.0, 0.0
23.920474, 0.0, 0.0, 0.0, -0.0, 0.0, 0.0, 0.0, 0.0
23.920835, 0.0, 0.0, 0.0, -0.0, 0.0, 0.0, 0.0, 0.0
23.921149, 0.0, 0.0, 0.0, -0.0, 0.0, 0.0, 0.0, 0.0
23.921435, 0.0, 0.0, 0.0, -0.0, 0.0, 0.0, 0.0, 0.0
23.921702, 0.0, 0.0, 0.0, -0.0, 0.0, 0.0, 0.0, 0.0
23.921956, 0.0, 0.0, 0.0, -0.0, 0.0, 0.0, 0.0, 0.0
23.922345, 0.0, 0.0, 0.0, -0.0, 0.0, 0.0, 0.0, 0.0
23.922624, 0.0, 0.0, 0.0, -0.0, 0.0, 0.0, 0.0, 0.0
23.922875, 0.0, 0.0, 0.0, -0.0, 0.0, 0.0, 0.0, 0.0
23.923163, 0.0, 0.0, 0.0, -0.0, 0.0, 0.0, 0.0, 0.0
23.923411, 0.0, 0.0, 0.0, -0.0, 0.0, 0.0, 0.0, 0.0
23.923631, 0.0, 0.0, 0.0, -0.0, 0.0, 0.0, 0.0, 0.0
23.923847, 0.0, 0.0, 0.0, -0.0, 0.0, 0.0, 0.0, 0.0
23.924057, 0.0, 0.0, 0.0, -0.0, 0.0, 0.0, 0.0, 0.0
23.924327, 0.0, 0.0, 0.0, -0.0, 0.0, 0.0, 0.0, 0.0
23.924552, 0.0, 0.0, 0.0, -0.0, 0.0, 0.0, 0.0, 0.0
23.924762, 0.0, 0.0, 0.0, -0.0, 0.0, 0.0, 0.0, 0.0
23.924973, 0.0, 0.0, 0.0, -0.0, 0.0, 0.0, 0.0, 0.0
23.925268, 0.0, 0.0, 0.0, -0.0, 0.0, 0.0, 0.0, 0.0
23.92556, 0.0, 0.0, 0.0, -0.0, 0.0, 0.0, 0.0, 0.0
23.925812, 0.0, 0.0, 0.0, -0.0, 0.0, 0.0, 0.0, 0.0
23.926064, 0.0, 0.0, 0.0, -0.0, 0.0, 0.0, 0.0, 0.0
23.926338, 0.0, 0.0, 0.0, -0.0, 0.0, 0.0, 0.0, 0.0
23.926551, 0.0, 0.0, 0.0, -0.0, 0.0, 0.0, 0.0, 0.0
23.926757, 0.0, 0.0, 0.0, -0.0, 0.0, 0.0, 0.0, 0.0
23.92696, 0.0, 0.0, 0.0, -0.0, 0.0, 0.0, 0.0, 0.0
23.927276, 0.0, 0.0, 0.0, -0.0, 0.0, 0.0, 0.0, 0.0
23.927556, 0.0, 0.0, 0.0, -0.0, 0.0, 0.0, 0.0, 0.0
23.927811, 0.0, 0.0, 0.0, -0.0, 0.0, 0.0, 0.0, 0.0
23.92805, 0.0, 0.0, 0.0, -0.0, 0.0, 0.0, 0.0, 0.0
23.92839, 0.0, 0.0, 0.0, -0.0, 0.0, 0.0, 0.0, 0.0
23.928648, 0.0, 0.0, 0.0, -0.0, 0.0, 0.0, 0.0, 0.0
23.928899, 0.0, 0.0, 0.0, -0.0, 0.0, 0.0, 0.0, 0.0
23.929275, 0.0, 0.0, 0.0, -0.0, 0.0, 0.0, 0.0, 0.0
23.929655, 0.0, 0.0, 0.0, -0.0, 0.0, 0.0, 0.0, 0.0
23.93376, 0.0, 0.0, 0.0, -0.0, 0.0, 0.0, 0.0, 0.0
23.934451, 0.0, 0.0, 0.0, -0.0, 0.0, 0.0, 0.0, 0.0
23.93492, 0.0, 0.0, 0.0, -0.0, 0.0, 0.0, 0.0, 0.0
23.935303, 0.0, 0.0, 0.0, -0.0, 0.0, 0.0, 0.0, 0.0
23.935597, 0.0, 0.0, 0.0, -0.0, 0.0, 0.0, 0.0, 0.0
23.93584, 0.0, 0.0, 0.0, -0.0, 0.0, 0.0, 0.0, 0.0
23.936169, 0.0, 0.0, 0.0, -0.0, 0.0, 0.0, 0.0, 0.0
23.936522, 0.0, 0.0, 0.0, -0.0, 0.0, 0.0, 0.0, 0.0
23.936805, 0.0, 0.0, 0.0, -0.0, 0.0, 0.0, 0.0, 0.0
23.93806, 0.0, 0.0, 0.0, -0.0, 0.0, 0.0, 0.0, 0.0
23.9384, 0.0, 0.0, 0.0, -0.0, 0.0, 0.0, 0.0, 0.0
23.938638, 0.0, 0.0, 0.0, -0.0, 0.0, 0.0, 0.0, 0.0
23.938838, 0.0, 0.0, 0.0, -0.0, 0.0, 0.0, 0.0, 0.0
23.939023, 0.0, 0.0, 0.0, -0.0, 0.0, 0.0, 0.0, 0.0
23.939262, 0.0, 0.0, 0.0, -0.0, 0.0, 0.0, 0.0, 0.0
23.9395, 0.0, 0.0, 0.0, -0.0, 0.0, 0.0, 0.0, 0.0
23.939707, 0.0, 0.0, 0.0, -0.0, 0.0, 0.0, 0.0, 0.0
23.939908, 0.0, 0.0, 0.0, -0.0, 0.0, 0.0, 0.0, 0.0
23.940181, 0.0, 0.0, 0.0, -0.0, 0.0, 0.0, 0.0, 0.0
23.940395, 0.0, 0.0, 0.0, -0.0, 0.0, 0.0, 0.0, 0.0
23.940589, 0.0, 0.0, 0.0, -0.0, 0.0, 0.0, 0.0, 0.0
23.940779, 0.0, 0.0, 0.0, -0.0, 0.0, 0.0, 0.0, 0.0
23.940971, 0.0, 0.0, 0.0, -0.0, 0.0, 0.0, 0.0, 0.0
23.941261, 0.0, 0.0, 0.0, -0.0, 0.0, 0.0, 0.0, 0.0
23.941595, 0.0, 0.0, 0.0, -0.0, 0.0, 0.0, 0.0, 0.0
23.941929, 0.0, 0.0, 0.0, -0.0, 0.0, 0.0, 0.0, 0.0
23.942305, 0.0, 0.0, 0.0, -0.0, 0.0, 0.0, 0.0, 0.0
23.942611, 0.0, 0.0, 0.0, -0.0, 0.0, 0.0, 0.0, 0.0
23.943004, 0.0, 0.0, 0.0, -0.0, 0.0, 0.0, 0.0, 0.0
23.943383, 0.0, 0.0, 0.0, -0.0, 0.0, 0.0, 0.0, 0.0
23.943689, 0.0, 0.0, 0.0, -0.0, 0.0, 0.0, 0.0, 0.0
23.943968, 0.0, 0.0, 0.0, -0.0, 0.0, 0.0, 0.0, 0.0
23.944351, 0.0, 0.0, 0.0, -0.0, 0.0, 0.0, 0.0, 0.0
23.944666, 0.0, 0.0, 0.0, -0.0, 0.0, 0.0, 0.0, 0.0
23.944916, 0.0, 0.0, 0.0, -0.0, 0.0, 0.0, 0.0, 0.0
23.945204, 0.0, 0.0, 0.0, -0.0, 0.0, 0.0, 0.0, 0.0
23.94542, 0.0, 0.0, 0.0, -0.0, 0.0, 0.0, 0.0, 0.0
23.945621, 0.0, 0.0, 0.0, -0.0, 0.0, 0.0, 0.0, 0.0
23.94581, 0.0, 0.0, 0.0, -0.0, 0.0, 0.0, 0.0, 0.0
23.945995, 0.0, 0.0, 0.0, -0.0, 0.0, 0.0, 0.0, 0.0
23.946201, 0.0, 0.0, 0.0, -0.0, 0.0, 0.0, 0.0, 0.0
23.946388, 0.0, 0.0, 0.0, -0.0, 0.0, 0.0, 0.0, 0.0
23.946622, 0.0, 0.0, 0.0, -0.0, 0.0, 0.0, 0.0, 0.0
23.946924, 0.0, 0.0, 0.0, -0.0, 0.0, 0.0, 0.0, 0.0
23.947259, 0.0, 0.0, 0.0, -0.0, 0.0, 0.0, 0.0, 0.0
23.948828, 0.0, 0.0, 0.0, -0.0, 0.0, 0.0, 0.0, 0.0
23.950129, 0.0, 0.0, 0.0, -0.0, 0.0, 0.0, 0.0, 0.0
23.950534, 0.0, 0.0, 0.0, -0.0, 0.0, 0.0, 0.0, 0.0
23.950796, 0.0, 0.0, 0.0, -0.0, 0.0, 0.0, 0.0, 0.0
23.951009, 0.0, 0.0, 0.0, -0.0, 0.0, 0.0, 0.0, 0.0
23.951361, 0.0, 0.0, 0.0, -0.0, 0.0, 0.0, 0.0, 0.0
23.951608, 0.0, 0.0, 0.0, -0.0, 0.0, 0.0, 0.0, 0.0
23.95182, 0.0, 0.0, 0.0, -0.0, 0.0, 0.0, 0.0, 0.0
23.952078, 0.0, 0.0, 0.0, -0.0, 0.0, 0.0, 0.0, 0.0
23.952319, 0.0, 0.0, 0.0, -0.0, 0.0, 0.0, 0.0, 0.0
23.952542, 0.0, 0.0, 0.0, -0.0, 0.0, 0.0, 0.0, 0.0
23.952749, 0.0, 0.0, 0.0, -0.0, 0.0, 0.0, 0.0, 0.0
23.952949, 0.0, 0.0, 0.0, -0.0, 0.0, 0.0, 0.0, 0.0
23.953411, 0.0, 0.0, 0.0, -0.0, 0.0, 0.0, 0.0, 0.0
23.953718, 0.0, 0.0, 0.0, -0.0, 0.0, 0.0, 0.0, 0.0
23.954063, 0.0, 0.0, 0.0, -0.0, 0.0, 0.0, 0.0, 0.0
23.954336, 0.0, 0.0, 0.0, -0.0, 0.0, 0.0, 0.0, 0.0
23.954581, 0.0, 0.0, 0.0, -0.0, 0.0, 0.0, 0.0, 0.0
23.954836, 0.0, 0.0, 0.0, -0.0, 0.0, 0.0, 0.0, 0.0
23.955141, 0.0, 0.0, 0.0, -0.0, 0.0, 0.0, 0.0, 0.0
23.955398, 0.0, 0.0, 0.0, -0.0, 0.0, 0.0, 0.0, 0.0
23.955673, 0.0, 0.0, 0.0, -0.0, 0.0, 0.0, 0.0, 0.0
23.95589, 0.0, 0.0, 0.0, -0.0, 0.0, 0.0, 0.0, 0.0
23.956155, 0.0, 0.0, 0.0, -0.0, 0.0, 0.0, 0.0, 0.0
23.956365, 0.0, 0.0, 0.0, -0.0, 0.0, 0.0, 0.0, 0.0
23.956552, 0.0, 0.0, 0.0, -0.0, 0.0, 0.0, 0.0, 0.0
23.956736, 0.0, 0.0, 0.0, -0.0, 0.0, 0.0, 0.0, 0.0
23.956915, 0.0, 0.0, 0.0, -0.0, 0.0, 0.0, 0.0, 0.0
23.957141, 0.0, 0.0, 0.0, -0.0, 0.0, 0.0, 0.0, 0.0
23.957334, 0.0, 0.0, 0.0, -0.0, 0.0, 0.0, 0.0, 0.0
23.957518, 0.0, 0.0, 0.0, -0.0, 0.0, 0.0, 0.0, 0.0
23.957733, 0.0, 0.0, 0.0, -0.0, 0.0, 0.0, 0.0, 0.0
23.957981, 0.0, 0.0, 0.0, -0.0, 0.0, 0.0, 0.0, 0.0
23.958325, 0.0, 0.0, 0.0, -0.0, 0.0, 0.0, 0.0, 0.0
23.958536, 0.0, 0.0, 0.0, -0.0, 0.0, 0.0, 0.0, 0.0
23.958785, 0.0, 0.0, 0.0, -0.0, 0.0, 0.0, 0.0, 0.0
23.959069, 0.0, 0.0, 0.0, -0.0, 0.0, 0.0, 0.0, 0.0
23.959273, 0.0, 0.0, 0.0, -0.0, 0.0, 0.0, 0.0, 0.0
23.959454, 0.0, 0.0, 0.0, -0.0, 0.0, 0.0, 0.0, 0.0
23.959628, 0.0, 0.0, 0.0, -0.0, 0.0, 0.0, 0.0, 0.0
23.959853, 0.0, 0.0, 0.0, -0.0, 0.0, 0.0, 0.0, 0.0
23.960121, 0.0, 0.0, 0.0, -0.0, 0.0, 0.0, 0.0, 0.0
23.960351, 0.0, 0.0, 0.0, -0.0, 0.0, 0.0, 0.0, 0.0
23.960538, 0.0, 0.0, 0.0, -0.0, 0.0, 0.0, 0.0, 0.0
23.960718, 0.0, 0.0, 0.0, -0.0, 0.0, 0.0, 0.0, 0.0
23.960897, 0.0, 0.0, 0.0, -0.0, 0.0, 0.0, 0.0, 0.0
23.961153, 0.0, 0.0, 0.0, -0.0, 0.0, 0.0, 0.0, 0.0
23.961375, 0.0, 0.0, 0.0, -0.0, 0.0, 0.0, 0.0, 0.0
23.961664, 0.0, 0.0, 0.0, -0.0, 0.0, 0.0, 0.0, 0.0
23.961886, 0.0, 0.0, 0.0, -0.0, 0.0, 0.0, 0.0, 0.0
23.962216, 0.0, 0.0, 0.0, -0.0, 0.0, 0.0, 0.0, 0.0
23.96246, 0.0, 0.0, 0.0, -0.0, 0.0, 0.0, 0.0, 0.0
23.962684, 0.0, 0.0, 0.0, -0.0, 0.0, 0.0, 0.0, 0.0
23.962897, 0.0, 0.0, 0.0, -0.0, 0.0, 0.0, 0.0, 0.0
23.963172, 0.0, 0.0, 0.0, -0.0, 0.0, 0.0, 0.0, 0.0
23.963476, 0.0, 0.0, 0.0, -0.0, 0.0, 0.0, 0.0, 0.0
23.963746, 0.0, 0.0, 0.0, -0.0, 0.0, 0.0, 0.0, 0.0
23.966349, 0.0, 0.0, 0.0, -0.0, 0.0, 0.0, 0.0, 0.0
23.96725, 0.0, 0.0, 0.0, -0.0, 0.0, 0.0, 0.0, 0.0
23.967587, 0.0, 0.0, 0.0, -0.0, 0.0, 0.0, 0.0, 0.0
23.96781, 0.0, 0.0, 0.0, -0.0, 0.0, 0.0, 0.0, 0.0
23.968058, 0.0, 0.0, 0.0, -0.0, 0.0, 0.0, 0.0, 0.0
23.968293, 0.0, 0.0, 0.0, -0.0, 0.0, 0.0, 0.0, 0.0
23.968517, 0.0, 0.0, 0.0, -0.0, 0.0, 0.0, 0.0, 0.0
23.968729, 0.0, 0.0, 0.0, -0.0, 0.0, 0.0, 0.0, 0.0
23.968969, 0.0, 0.0, 0.0, -0.0, 0.0, 0.0, 0.0, 0.0
23.969167, 0.0, 0.0, 0.0, -0.0, 0.0, 0.0, 0.0, 0.0
23.96936, 0.0, 0.0, 0.0, -0.0, 0.0, 0.0, 0.0, 0.0
23.969552, 0.0, 0.0, 0.0, -0.0, 0.0, 0.0, 0.0, 0.0
23.969741, 0.0, 0.0, 0.0, -0.0, 0.0, 0.0, 0.0, 0.0
23.969925, 0.0, 0.0, 0.0, -0.0, 0.0, 0.0, 0.0, 0.0
23.97011, 0.0, 0.0, 0.0, -0.0, 0.0, 0.0, 0.0, 0.0
23.970302, 0.0, 0.0, 0.0, -0.0, 0.0, 0.0, 0.0, 0.0
23.970486, 0.0, 0.0, 0.0, -0.0, 0.0, 0.0, 0.0, 0.0
23.970681, 0.0, 0.0, 0.0, -0.0, 0.0, 0.0, 0.0, 0.0
23.970897, 0.0, 0.0, 0.0, -0.0, 0.0, 0.0, 0.0, 0.0
23.971148, 0.0, 0.0, 0.0, -0.0, 0.0, 0.0, 0.0, 0.0
23.971335, 0.0, 0.0, 0.0, -0.0, 0.0, 0.0, 0.0, 0.0
23.971514, 0.0, 0.0, 0.0, -0.0, 0.0, 0.0, 0.0, 0.0
23.971683, 0.0, 0.0, 0.0, -0.0, 0.0, 0.0, 0.0, 0.0
23.971843, 0.0, 0.0, 0.0, -0.0, 0.0, 0.0, 0.0, 0.0
23.972071, 0.0, 0.0, 0.0, -0.0, 0.0, 0.0, 0.0, 0.0
23.972396, 0.0, 0.0, 0.0, -0.0, 0.0, 0.0, 0.0, 0.0
23.972628, 0.0, 0.0, 0.0, -0.0, 0.0, 0.0, 0.0, 0.0
23.972844, 0.0, 0.0, 0.0, -0.0, 0.0, 0.0, 0.0, 0.0
23.97307, 0.0, 0.0, 0.0, -0.0, 0.0, 0.0, 0.0, 0.0
23.973284, 0.0, 0.0, 0.0, -0.0, 0.0, 0.0, 0.0, 0.0
23.973501, 0.0, 0.0, 0.0, -0.0, 0.0, 0.0, 0.0, 0.0
23.973737, 0.0, 0.0, 0.0, -0.0, 0.0, 0.0, 0.0, 0.0
23.973934, 0.0, 0.0, 0.0, -0.0, 0.0, 0.0, 0.0, 0.0
23.974227, 0.0, 0.0, 0.0, -0.0, 0.0, 0.0, 0.0, 0.0
23.974436, 0.0, 0.0, 0.0, -0.0, 0.0, 0.0, 0.0, 0.0
23.974672, 0.0, 0.0, 0.0, -0.0, 0.0, 0.0, 0.0, 0.0
23.974877, 0.0, 0.0, 0.0, -0.0, 0.0, 0.0, 0.0, 0.0
23.975226, 0.0, 0.0, 0.0, -0.0, 0.0, 0.0, 0.0, 0.0
23.975513, 0.0, 0.0, 0.0, -0.0, 0.0, 0.0, 0.0, 0.0
23.975809, 0.0, 0.0, 0.0, -0.0, 0.0, 0.0, 0.0, 0.0
23.976152, 0.0, 0.0, 0.0, -0.0, 0.0, 0.0, 0.0, 0.0
23.976404, 0.0, 0.0, 0.0, -0.0, 0.0, 0.0, 0.0, 0.0
23.976621, 0.0, 0.0, 0.0, -0.0, 0.0, 0.0, 0.0, 0.0
23.97682, 0.0, 0.0, 0.0, -0.0, 0.0, 0.0, 0.0, 0.0
23.977091, 0.0, 0.0, 0.0, -0.0, 0.0, 0.0, 0.0, 0.0
23.97729, 0.0, 0.0, 0.0, -0.0, 0.0, 0.0, 0.0, 0.0
23.977466, 0.0, 0.0, 0.0, -0.0, 0.0, 0.0, 0.0, 0.0
23.977676, 0.0, 0.0, 0.0, -0.0, 0.0, 0.0, 0.0, 0.0
23.977864, 0.0, 0.0, 0.0, -0.0, 0.0, 0.0, 0.0, 0.0
23.978255, 0.0, 0.0, 0.0, -0.0, 0.0, 0.0, 0.0, 0.0
23.978837, 0.0, 0.0, 0.0, -0.0, 0.0, 0.0, 0.0, 0.0
23.97912, 0.0, 0.0, 0.0, -0.0, 0.0, 0.0, 0.0, 0.0
23.97935, 0.0, 0.0, 0.0, -0.0, 0.0, 0.0, 0.0, 0.0
23.979568, 0.0, 0.0, 0.0, -0.0, 0.0, 0.0, 0.0, 0.0
23.979789, 0.0, 0.0, 0.0, -0.0, 0.0, 0.0, 0.0, 0.0
23.980058, 0.0, 0.0, 0.0, -0.0, 0.0, 0.0, 0.0, 0.0
23.980314, 0.0, 0.0, 0.0, -0.0, 0.0, 0.0, 0.0, 0.0
23.980501, 0.0, 0.0, 0.0, -0.0, 0.0, 0.0, 0.0, 0.0
23.980687, 0.0, 0.0, 0.0, -0.0, 0.0, 0.0, 0.0, 0.0
23.980935, 0.0, 0.0, 0.0, -0.0, 0.0, 0.0, 0.0, 0.0
23.982404, 0.0, 0.0, 0.0, -0.0, 0.0, 0.0, 0.0, 0.0
23.98283, 0.0, 0.0, 0.0, -0.0, 0.0, 0.0, 0.0, 0.0
23.983469, 0.0, 0.0, 0.0, -0.0, 0.0, 0.0, 0.0, 0.0
23.983737, 0.0, 0.0, 0.0, -0.0, 0.0, 0.0, 0.0, 0.0
23.983988, 0.0, 0.0, 0.0, -0.0, 0.0, 0.0, 0.0, 0.0
23.984243, 0.0, 0.0, 0.0, -0.0, 0.0, 0.0, 0.0, 0.0
23.984445, 0.0, 0.0, 0.0, -0.0, 0.0, 0.0, 0.0, 0.0
23.984667, 0.0, 0.0, 0.0, -0.0, 0.0, 0.0, 0.0, 0.0
23.984912, 0.0, 0.0, 0.0, -0.0, 0.0, 0.0, 0.0, 0.0
23.985289, 0.0, 0.0, 0.0, -0.0, 0.0, 0.0, 0.0, 0.0
23.985565, 0.0, 0.0, 0.0, -0.0, 0.0, 0.0, 0.0, 0.0
23.985805, 0.0, 0.0, 0.0, -0.0, 0.0, 0.0, 0.0, 0.0
23.986036, 0.0, 0.0, 0.0, -0.0, 0.0, 0.0, 0.0, 0.0
23.986232, 0.0, 0.0, 0.0, -0.0, 0.0, 0.0, 0.0, 0.0
23.986413, 0.0, 0.0, 0.0, -0.0, 0.0, 0.0, 0.0, 0.0
23.98659, 0.0, 0.0, 0.0, -0.0, 0.0, 0.0, 0.0, 0.0
23.98677, 0.0, 0.0, 0.0, -0.0, 0.0, 0.0, 0.0, 0.0
23.986999, 0.0, 0.0, 0.0, -0.0, 0.0, 0.0, 0.0, 0.0
23.987214, 0.0, 0.0, 0.0, -0.0, 0.0, 0.0, 0.0, 0.0
23.98741, 0.0, 0.0, 0.0, -0.0, 0.0, 0.0, 0.0, 0.0
23.987606, 0.0, 0.0, 0.0, -0.0, 0.0, 0.0, 0.0, 0.0
23.987794, 0.0, 0.0, 0.0, -0.0, 0.0, 0.0, 0.0, 0.0
23.987981, 0.0, 0.0, 0.0, -0.0, 0.0, 0.0, 0.0, 0.0
23.988165, 0.0, 0.0, 0.0, -0.0, 0.0, 0.0, 0.0, 0.0
23.988345, 0.0, 0.0, 0.0, -0.0, 0.0, 0.0, 0.0, 0.0
23.988525, 0.0, 0.0, 0.0, -0.0, 0.0, 0.0, 0.0, 0.0
23.988707, 0.0, 0.0, 0.0, -0.0, 0.0, 0.0, 0.0, 0.0
23.988892, 0.0, 0.0, 0.0, -0.0, 0.0, 0.0, 0.0, 0.0
23.989095, 0.0, 0.0, 0.0, -0.0, 0.0, 0.0, 0.0, 0.0
23.989283, 0.0, 0.0, 0.0, -0.0, 0.0, 0.0, 0.0, 0.0
23.98946, 0.0, 0.0, 0.0, -0.0, 0.0, 0.0, 0.0, 0.0
23.989626, 0.0, 0.0, 0.0, -0.0, 0.0, 0.0, 0.0, 0.0
23.989793, 0.0, 0.0, 0.0, -0.0, 0.0, 0.0, 0.0, 0.0
23.989961, 0.0, 0.0, 0.0, -0.0, 0.0, 0.0, 0.0, 0.0
23.99013, 0.0, 0.0, 0.0, -0.0, 0.0, 0.0, 0.0, 0.0
23.9903, 0.0, 0.0, 0.0, -0.0, 0.0, 0.0, 0.0, 0.0
23.990468, 0.0, 0.0, 0.0, -0.0, 0.0, 0.0, 0.0, 0.0
23.990644, 0.0, 0.0, 0.0, -0.0, 0.0, 0.0, 0.0, 0.0
23.990812, 0.0, 0.0, 0.0, -0.0, 0.0, 0.0, 0.0, 0.0
23.991012, 0.0, 0.0, 0.0, -0.0, 0.0, 0.0, 0.0, 0.0
23.991219, 0.0, 0.0, 0.0, -0.0, 0.0, 0.0, 0.0, 0.0
23.991411, 0.0, 0.0, 0.0, -0.0, 0.0, 0.0, 0.0, 0.0
23.991573, 0.0, 0.0, 0.0, -0.0, 0.0, 0.0, 0.0, 0.0
23.991731, 0.0, 0.0, 0.0, -0.0, 0.0, 0.0, 0.0, 0.0
23.991949, 0.0, 0.0, 0.0, -0.0, 0.0, 0.0, 0.0, 0.0
23.992153, 0.0, 0.0, 0.0, -0.0, 0.0, 0.0, 0.0, 0.0
23.992314, 0.0, 0.0, 0.0, -0.0, 0.0, 0.0, 0.0, 0.0
23.992465, 0.0, 0.0, 0.0, -0.0, 0.0, 0.0, 0.0, 0.0
23.992613, 0.0, 0.0, 0.0, -0.0, 0.0, 0.0, 0.0, 0.0
23.992765, 0.0, 0.0, 0.0, -0.0, 0.0, 0.0, 0.0, 0.0
23.993041, 0.0, 0.0, 0.0, -0.0, 0.0, 0.0, 0.0, 0.0
23.993265, 0.0, 0.0, 0.0, -0.0, 0.0, 0.0, 0.0, 0.0
23.993454, 0.0, 0.0, 0.0, -0.0, 0.0, 0.0, 0.0, 0.0
23.993593, 0.0, 0.0, 0.0, -0.0, 0.0, 0.0, 0.0, 0.0
23.993731, 0.0, 0.0, 0.0, -0.0, 0.0, 0.0, 0.0, 0.0
23.993868, 0.0, 0.0, 0.0, -0.0, 0.0, 0.0, 0.0, 0.0
23.994142, 0.0, 0.0, 0.0, -0.0, 0.0, 0.0, 0.0, 0.0
23.99436, 0.0, 0.0, 0.0, -0.0, 0.0, 0.0, 0.0, 0.0
23.994499, 0.0, 0.0, 0.0, -0.0, 0.0, 0.0, 0.0, 0.0
23.994765, 0.0, 0.0, 0.0, -0.0, 0.0, 0.0, 0.0, 0.0
23.995052, 0.0, 0.0, 0.0, -0.0, 0.0, 0.0, 0.0, 0.0
23.995296, 0.0, 0.0, 0.0, -0.0, 0.0, 0.0, 0.0, 0.0
23.995487, 0.0, 0.0, 0.0, -0.0, 0.0, 0.0, 0.0, 0.0
23.995681, 0.0, 0.0, 0.0, -0.0, 0.0, 0.0, 0.0, 0.0
23.995846, 0.0, 0.0, 0.0, -0.0, 0.0, 0.0, 0.0, 0.0
23.996021, 0.0, 0.0, 0.0, -0.0, 0.0, 0.0, 0.0, 0.0
23.996179, 0.0, 0.0, 0.0, -0.0, 0.0, 0.0, 0.0, 0.0
23.99633, 0.0, 0.0, 0.0, -0.0, 0.0, 0.0, 0.0, 0.0
23.996498, 0.0, 0.0, 0.0, -0.0, 0.0, 0.0, 0.0, 0.0
23.996755, 0.0, 0.0, 0.0, -0.0, 0.0, 0.0, 0.0, 0.0
23.99705, 0.0, 0.0, 0.0, -0.0, 0.0, 0.0, 0.0, 0.0
23.997232, 0.0, 0.0, 0.0, -0.0, 0.0, 0.0, 0.0, 0.0
23.997493, 0.0, 0.0, 0.0, -0.0, 0.0, 0.0, 0.0, 0.0
23.999393, 0.0, 0.0, 0.0, -0.0, 0.0, 0.0, 0.0, 0.0
24.000172, 0.0, 0.0, 0.0, -0.0, 0.0, 0.0, 0.0, 0.0
24.000478, 0.0, 0.0, 0.0, -0.0, 0.0, 0.0, 0.0, 0.0
24.000752, 0.0, 0.0, 0.0, -0.0, 0.0, 0.0, 0.0, 0.0
24.00099, 0.0, 0.0, 0.0, -0.0, 0.0, 0.0, 0.0, 0.0
24.001201, 0.0, 0.0, 0.0, -0.0, 0.0, 0.0, 0.0, 0.0
24.001406, 0.0, 0.0, 0.0, -0.0, 0.0, 0.0, 0.0, 0.0
24.00161, 0.0, 0.0, 0.0, -0.0, 0.0, 0.0, 0.0, 0.0
24.001798, 0.0, 0.0, 0.0, -0.0, 0.0, 0.0, 0.0, 0.0
24.00199, 0.0, 0.0, 0.0, -0.0, 0.0, 0.0, 0.0, 0.0
24.002129, 0.0, 0.0, 0.0, -0.0, 0.0, 0.0, 0.0, 0.0
24.00227, 0.0, 0.0, 0.0, -0.0, 0.0, 0.0, 0.0, 0.0
24.002442, 0.0, 0.0, 0.0, -0.0, 0.0, 0.0, 0.0, 0.0
24.002576, 0.0, 0.0, 0.0, -0.0, 0.0, 0.0, 0.0, 0.0
24.002708, 0.0, 0.0, 0.0, -0.0, 0.0, 0.0, 0.0, 0.0
24.002841, 0.0, 0.0, 0.0, -0.0, 0.0, 0.0, 0.0, 0.0
24.003018, 0.0, 0.0, 0.0, -0.0, 0.0, 0.0, 0.0, 0.0
24.003152, 0.0, 0.0, 0.0, -0.0, 0.0, 0.0, 0.0, 0.0
24.003284, 0.0, 0.0, 0.0, -0.0, 0.0, 0.0, 0.0, 0.0
24.00342, 0.0, 0.0, 0.0, -0.0, 0.0, 0.0, 0.0, 0.0
24.140748, 0.0, 0.0, 0.0, -0.0, 0.0, 0.0, 0.0, 0.0
24.141086, 0.0, 0.0, 0.0, -0.0, 0.0, 0.0, 0.0, 0.0
24.141213, 0.0, 0.0, 0.0, -0.0, 0.0, 0.0, 0.0, 0.0
24.141313, 0.0, 0.0, 0.0, -0.0, 0.0, 0.0, 0.0, 0.0
24.141477, 0.0, 0.0, 0.0, -0.0, 0.0, 0.0, 0.0, 0.0
24.141662, 0.0, 0.0, 0.0, -0.0, 0.0, 0.0, 0.0, 0.0
24.1418, 0.0, 0.0, 0.0, -0.0, 0.0, 0.0, 0.0, 0.0
24.141931, 0.0, 0.0, 0.0, -0.0, 0.0, 0.0, 0.0, 0.0
24.142063, 0.0, 0.0, 0.0, -0.0, 0.0, 0.0, 0.0, 0.0
24.142196, 0.0, 0.0, 0.0, -0.0, 0.0, 0.0, 0.0, 0.0
24.142401, 0.0, 0.0, 0.0, -0.0, 0.0, 0.0, 0.0, 0.0
24.142608, 0.0, 0.0, 0.0, -0.0, 0.0, 0.0, 0.0, 0.0
24.142771, 0.0, 0.0, 0.0, -0.0, 0.0, 0.0, 0.0, 0.0
24.142923, 0.0, 0.0, 0.0, -0.0, 0.0, 0.0, 0.0, 0.0
24.143081, 0.0, 0.0, 0.0, -0.0, 0.0, 0.0, 0.0, 0.0
24.143228, 0.0, 0.0, 0.0, -0.0, 0.0, 0.0, 0.0, 0.0
24.143375, 0.0, 0.0, 0.0, -0.0, 0.0, 0.0, 0.0, 0.0
24.143594, 0.0, 0.0, 0.0, -0.0, 0.0, 0.0, 0.0, 0.0
24.143756, 0.0, 0.0, 0.0, -0.0, 0.0, 0.0, 0.0, 0.0
24.14394, 0.0, 0.0, 0.0, -0.0, 0.0, 0.0, 0.0, 0.0
24.144094, 0.0, 0.0, 0.0, -0.0, 0.0, 0.0, 0.0, 0.0
24.144241, 0.0, 0.0, 0.0, -0.0, 0.0, 0.0, 0.0, 0.0
24.144395, 0.0, 0.0, 0.0, -0.0, 0.0, 0.0, 0.0, 0.0
24.144585, 0.0, 0.0, 0.0, -0.0, 0.0, 0.0, 0.0, 0.0
24.144746, 0.0, 0.0, 0.0, -0.0, 0.0, 0.0, 0.0, 0.0
24.144896, 0.0, 0.0, 0.0, -0.0, 0.0, 0.0, 0.0, 0.0
24.145049, 0.0, 0.0, 0.0, -0.0, 0.0, 0.0, 0.0, 0.0
24.145192, 0.0, 0.0, 0.0, -0.0, 0.0, 0.0, 0.0, 0.0
24.145331, 0.0, 0.0, 0.0, -0.0, 0.0, 0.0, 0.0, 0.0
24.145475, 0.0, 0.0, 0.0, -0.0, 0.0, 0.0, 0.0, 0.0
24.145652, 0.0, 0.0, 0.0, -0.0, 0.0, 0.0, 0.0, 0.0
24.145801, 0.0, 0.0, 0.0, -0.0, 0.0, 0.0, 0.0, 0.0
24.145966, 0.0, 0.0, 0.0, -0.0, 0.0, 0.0, 0.0, 0.0
24.146109, 0.0, 0.0, 0.0, -0.0, 0.0, 0.0, 0.0, 0.0
24.146248, 0.0, 0.0, 0.0, -0.0, 0.0, 0.0, 0.0, 0.0
24.146384, 0.0, 0.0, 0.0, -0.0, 0.0, 0.0, 0.0, 0.0
24.146641, 0.0, 0.0, 0.0, -0.0, 0.0, 0.0, 0.0, 0.0
24.14694, 0.0, 0.0, 0.0, -0.0, 0.0, 0.0, 0.0, 0.0
24.147177, 0.0, 0.0, 0.0, -0.0, 0.0, 0.0, 0.0, 0.0
24.147384, 0.0, 0.0, 0.0, -0.0, 0.0, 0.0, 0.0, 0.0
24.14765, 0.0, 0.0, 0.0, -0.0, 0.0, 0.0, 0.0, 0.0
24.147947, 0.0, 0.0, 0.0, -0.0, 0.0, 0.0, 0.0, 0.0
24.148443, 0.0, 0.0, 0.0, -0.0, 0.0, 0.0, 0.0, 0.0
24.149103, 0.0, 0.0, 0.0, -0.0, 0.0, 0.0, 0.0, 0.0
24.152551, 0.0, 0.0, 0.0, -0.0, 0.0, 0.0, 0.0, 0.0
24.153065, 0.0, 0.0, 0.0, -0.0, 0.0, 0.0, 0.0, 0.0
24.153447, 0.0, 0.0, 0.0, -0.0, 0.0, 0.0, 0.0, 0.0
24.15375, 0.0, 0.0, 0.0, -0.0, 0.0, 0.0, 0.0, 0.0
24.153949, 0.0, 0.0, 0.0, -0.0, 0.0, 0.0, 0.0, 0.0
24.154114, 0.0, 0.0, 0.0, -0.0, 0.0, 0.0, 0.0, 0.0
24.154277, 0.0, 0.0, 0.0, -0.0, 0.0, 0.0, 0.0, 0.0
24.154434, 0.0, 0.0, 0.0, -0.0, 0.0, 0.0, 0.0, 0.0
24.154596, 0.0, 0.0, 0.0, -0.0, 0.0, 0.0, 0.0, 0.0
24.15476, 0.0, 0.0, 0.0, -0.0, 0.0, 0.0, 0.0, 0.0
24.154925, 0.0, 0.0, 0.0, -0.0, 0.0, 0.0, 0.0, 0.0
24.155092, 0.0, 0.0, 0.0, -0.0, 0.0, 0.0, 0.0, 0.0
24.15525, 0.0, 0.0, 0.0, -0.0, 0.0, 0.0, 0.0, 0.0
24.155408, 0.0, 0.0, 0.0, -0.0, 0.0, 0.0, 0.0, 0.0
24.155624, 0.0, 0.0, 0.0, -0.0, 0.0, 0.0, 0.0, 0.0
24.155783, 0.0, 0.0, 0.0, -0.0, 0.0, 0.0, 0.0, 0.0
24.15594, 0.0, 0.0, 0.0, -0.0, 0.0, 0.0, 0.0, 0.0
24.1561, 0.0, 0.0, 0.0, -0.0, 0.0, 0.0, 0.0, 0.0
24.156385, 0.0, 0.0, 0.0, -0.0, 0.0, 0.0, 0.0, 0.0
24.156571, 0.0, 0.0, 0.0, -0.0, 0.0, 0.0, 0.0, 0.0
24.156739, 0.0, 0.0, 0.0, -0.0, 0.0, 0.0, 0.0, 0.0
24.156901, 0.0, 0.0, 0.0, -0.0, 0.0, 0.0, 0.0, 0.0
24.157062, 0.0, 0.0, 0.0, -0.0, 0.0, 0.0, 0.0, 0.0
24.15723, 0.0, 0.0, 0.0, -0.0, 0.0, 0.0, 0.0, 0.0
24.157389, 0.0, 0.0, 0.0, -0.0, 0.0, 0.0, 0.0, 0.0
24.157553, 0.0, 0.0, 0.0, -0.0, 0.0, 0.0, 0.0, 0.0
24.157727, 0.0, 0.0, 0.0, -0.0, 0.0, 0.0, 0.0, 0.0
24.15789, 0.0, 0.0, 0.0, -0.0, 0.0, 0.0, 0.0, 0.0
24.158066, 0.0, 0.0, 0.0, -0.0, 0.0, 0.0, 0.0, 0.0
24.158237, 0.0, 0.0, 0.0, -0.0, 0.0, 0.0, 0.0, 0.0
24.158408, 0.0, 0.0, 0.0, -0.0, 0.0, 0.0, 0.0, 0.0
24.15859, 0.0, 0.0, 0.0, -0.0, 0.0, 0.0, 0.0, 0.0
24.158782, 0.0, 0.0, 0.0, -0.0, 0.0, 0.0, 0.0, 0.0
24.158949, 0.0, 0.0, 0.0, -0.0, 0.0, 0.0, 0.0, 0.0
24.159118, 0.0, 0.0, 0.0, -0.0, 0.0, 0.0, 0.0, 0.0
24.159281, 0.0, 0.0, 0.0, -0.0, 0.0, 0.0, 0.0, 0.0
24.15945, 0.0, 0.0, 0.0, -0.0, 0.0, 0.0, 0.0, 0.0
24.159698, 0.0, 0.0, 0.0, -0.0, 0.0, 0.0, 0.0, 0.0
24.159879, 0.0, 0.0, 0.0, -0.0, 0.0, 0.0, 0.0, 0.0
24.160057, 0.0, 0.0, 0.0, -0.0, 0.0, 0.0, 0.0, 0.0
24.160238, 0.0, 0.0, 0.0, -0.0, 0.0, 0.0, 0.0, 0.0
24.160413, 0.0, 0.0, 0.0, -0.0, 0.0, 0.0, 0.0, 0.0
24.160628, 0.0, 0.0, 0.0, -0.0, 0.0, 0.0, 0.0, 0.0
24.160798, 0.0, 0.0, 0.0, -0.0, 0.0, 0.0, 0.0, 0.0
24.160979, 0.0, 0.0, 0.0, -0.0, 0.0, 0.0, 0.0, 0.0
24.161145, 0.0, 0.0, 0.0, -0.0, 0.0, 0.0, 0.0, 0.0
24.161314, 0.0, 0.0, 0.0, -0.0, 0.0, 0.0, 0.0, 0.0
24.161548, 0.0, 0.0, 0.0, -0.0, 0.0, 0.0, 0.0, 0.0
24.161767, 0.0, 0.0, 0.0, -0.0, 0.0, 0.0, 0.0, 0.0
24.161919, 0.0, 0.0, 0.0, -0.0, 0.0, 0.0, 0.0, 0.0
24.162063, 0.0, 0.0, 0.0, -0.0, 0.0, 0.0, 0.0, 0.0
24.1622, 0.0, 0.0, 0.0, -0.0, 0.0, 0.0, 0.0, 0.0
24.162328, 0.0, 0.0, 0.0, -0.0, 0.0, 0.0, 0.0, 0.0
24.1625, 0.0, 0.0, 0.0, -0.0, 0.0, 0.0, 0.0, 0.0
24.16277, 0.0, 0.0, 0.0, -0.0, 0.0, 0.0, 0.0, 0.0
24.162941, 0.0, 0.0, 0.0, -0.0, 0.0, 0.0, 0.0, 0.0
24.163115, 0.0, 0.0, 0.0, -0.0, 0.0, 0.0, 0.0, 0.0
24.163299, 0.0, 0.0, 0.0, -0.0, 0.0, 0.0, 0.0, 0.0
24.167705, 0.0, 0.0, 0.0, -0.0, 0.0, 0.0, 0.0, 0.0
24.16805, 0.0, 0.0, 0.0, -0.0, 0.0, 0.0, 0.0, 0.0
24.168377, 0.0, 0.0, 0.0, -0.0, 0.0, 0.0, 0.0, 0.0
24.168719, 0.0, 0.0, 0.0, -0.0, 0.0, 0.0, 0.0, 0.0
24.168956, 0.0, 0.0, 0.0, -0.0, 0.0, 0.0, 0.0, 0.0
24.169166, 0.0, 0.0, 0.0, -0.0, 0.0, 0.0, 0.0, 0.0
24.169364, 0.0, 0.0, 0.0, -0.0, 0.0, 0.0, 0.0, 0.0
24.169601, 0.0, 0.0, 0.0, -0.0, 0.0, 0.0, 0.0, 0.0
24.169816, 0.0, 0.0, 0.0, -0.0, 0.0, 0.0, 0.0, 0.0
24.170026, 0.0, 0.0, 0.0, -0.0, 0.0, 0.0, 0.0, 0.0
24.170232, 0.0, 0.0, 0.0, -0.0, 0.0, 0.0, 0.0, 0.0
24.170515, 0.0, 0.0, 0.0, -0.0, 0.0, 0.0, 0.0, 0.0
24.170745, 0.0, 0.0, 0.0, -0.0, 0.0, 0.0, 0.0, 0.0
24.171246, 0.0, 0.0, 0.0, -0.0, 0.0, 0.0, 0.0, 0.0
24.171982, 0.0, 0.0, 0.0, -0.0, 0.0, 0.0, 0.0, 0.0
24.172233, 0.0, 0.0, 0.0, -0.0, 0.0, 0.0, 0.0, 0.0
24.17241, 0.0, 0.0, 0.0, -0.0, 0.0, 0.0, 0.0, 0.0
24.172641, 0.0, 0.0, 0.0, -0.0, 0.0, 0.0, 0.0, 0.0
24.172811, 0.0, 0.0, 0.0, -0.0, 0.0, 0.0, 0.0, 0.0
24.172982, 0.0, 0.0, 0.0, -0.0, 0.0, 0.0, 0.0, 0.0
24.173177, 0.0, 0.0, 0.0, -0.0, 0.0, 0.0, 0.0, 0.0
24.17338, 0.0, 0.0, 0.0, -0.0, 0.0, 0.0, 0.0, 0.0
24.173563, 0.0, 0.0, 0.0, -0.0, 0.0, 0.0, 0.0, 0.0
24.173722, 0.0, 0.0, 0.0, -0.0, 0.0, 0.0, 0.0, 0.0
24.173873, 0.0, 0.0, 0.0, -0.0, 0.0, 0.0, 0.0, 0.0
24.174028, 0.0, 0.0, 0.0, -0.0, 0.0, 0.0, 0.0, 0.0
24.174188, 0.0, 0.0, 0.0, -0.0, 0.0, 0.0, 0.0, 0.0
24.17434, 0.0, 0.0, 0.0, -0.0, 0.0, 0.0, 0.0, 0.0
24.174546, 0.0, 0.0, 0.0, -0.0, 0.0, 0.0, 0.0, 0.0
24.174709, 0.0, 0.0, 0.0, -0.0, 0.0, 0.0, 0.0, 0.0
24.174868, 0.0, 0.0, 0.0, -0.0, 0.0, 0.0, 0.0, 0.0
24.175023, 0.0, 0.0, 0.0, -0.0, 0.0, 0.0, 0.0, 0.0
24.175185, 0.0, 0.0, 0.0, -0.0, 0.0, 0.0, 0.0, 0.0
24.175342, 0.0, 0.0, 0.0, -0.0, 0.0, 0.0, 0.0, 0.0
24.17557, 0.0, 0.0, 0.0, -0.0, 0.0, 0.0, 0.0, 0.0
24.175707, 0.0, 0.0, 0.0, -0.0, 0.0, 0.0, 0.0, 0.0
24.175836, 0.0, 0.0, 0.0, -0.0, 0.0, 0.0, 0.0, 0.0
24.175964, 0.0, 0.0, 0.0, -0.0, 0.0, 0.0, 0.0, 0.0
24.176091, 0.0, 0.0, 0.0, -0.0, 0.0, 0.0, 0.0, 0.0
24.176223, 0.0, 0.0, 0.0, -0.0, 0.0, 0.0, 0.0, 0.0
24.176352, 0.0, 0.0, 0.0, -0.0, 0.0, 0.0, 0.0, 0.0
24.176553, 0.0, 0.0, 0.0, -0.0, 0.0, 0.0, 0.0, 0.0
24.17672, 0.0, 0.0, 0.0, -0.0, 0.0, 0.0, 0.0, 0.0
24.176877, 0.0, 0.0, 0.0, -0.0, 0.0, 0.0, 0.0, 0.0
24.177031, 0.0, 0.0, 0.0, -0.0, 0.0, 0.0, 0.0, 0.0
24.177175, 0.0, 0.0, 0.0, -0.0, 0.0, 0.0, 0.0, 0.0
24.177316, 0.0, 0.0, 0.0, -0.0, 0.0, 0.0, 0.0, 0.0
24.177563, 0.0, 0.0, 0.0, -0.0, 0.0, 0.0, 0.0, 0.0
24.177799, 0.0, 0.0, 0.0, -0.0, 0.0, 0.0, 0.0, 0.0
24.178022, 0.0, 0.0, 0.0, -0.0, 0.0, 0.0, 0.0, 0.0
24.178235, 0.0, 0.0, 0.0, -0.0, 0.0, 0.0, 0.0, 0.0
24.178367, 0.0, 0.0, 0.0, -0.0, 0.0, 0.0, 0.0, 0.0
24.178614, 0.0, 0.0, 0.0, -0.0, 0.0, 0.0, 0.0, 0.0
24.179004, 0.0, 0.0, 0.0, -0.0, 0.0, 0.0, 0.0, 0.0
24.179152, 0.0, 0.0, 0.0, -0.0, 0.0, 0.0, 0.0, 0.0
24.179284, 0.0, 0.0, 0.0, -0.0, 0.0, 0.0, 0.0, 0.0
24.179522, 0.0, 0.0, 0.0, -0.0, 0.0, 0.0, 0.0, 0.0
24.179743, 0.0, 0.0, 0.0, -0.0, 0.0, 0.0, 0.0, 0.0
24.179982, 0.0, 0.0, 0.0, -0.0, 0.0, 0.0, 0.0, 0.0
24.18019, 0.0, 0.0, 0.0, -0.0, 0.0, 0.0, 0.0, 0.0
24.180388, 0.0, 0.0, 0.0, -0.0, 0.0, 0.0, 0.0, 0.0
24.184727, 0.0, 0.0, 0.0, -0.0, 0.0, 0.0, 0.0, 0.0
24.184918, 0.0, 0.0, 0.0, -0.0, 0.0, 0.0, 0.0, 0.0
24.185085, 0.0, 0.0, 0.0, -0.0, 0.0, 0.0, 0.0, 0.0
24.185527, 0.0, 0.0, 0.0, -0.0, 0.0, 0.0, 0.0, 0.0
24.185693, 0.0, 0.0, 0.0, -0.0, 0.0, 0.0, 0.0, 0.0
24.185839, 0.0, 0.0, 0.0, -0.0, 0.0, 0.0, 0.0, 0.0
24.185985, 0.0, 0.0, 0.0, -0.0, 0.0, 0.0, 0.0, 0.0
24.186129, 0.0, 0.0, 0.0, -0.0, 0.0, 0.0, 0.0, 0.0
24.186272, 0.0, 0.0, 0.0, -0.0, 0.0, 0.0, 0.0, 0.0
24.186429, 0.0, 0.0, 0.0, -0.0, 0.0, 0.0, 0.0, 0.0
24.186572, 0.0, 0.0, 0.0, -0.0, 0.0, 0.0, 0.0, 0.0
24.186713, 0.0, 0.0, 0.0, -0.0, 0.0, 0.0, 0.0, 0.0
24.186855, 0.0, 0.0, 0.0, -0.0, 0.0, 0.0, 0.0, 0.0
24.186995, 0.0, 0.0, 0.0, -0.0, 0.0, 0.0, 0.0, 0.0
24.187137, 0.0, 0.0, 0.0, -0.0, 0.0, 0.0, 0.0, 0.0
24.187279, 0.0, 0.0, 0.0, -0.0, 0.0, 0.0, 0.0, 0.0
24.187492, 0.0, 0.0, 0.0, -0.0, 0.0, 0.0, 0.0, 0.0
24.187679, 0.0, 0.0, 0.0, -0.0, 0.0, 0.0, 0.0, 0.0
24.187839, 0.0, 0.0, 0.0, -0.0, 0.0, 0.0, 0.0, 0.0
24.188, 0.0, 0.0, 0.0, -0.0, 0.0, 0.0, 0.0, 0.0
24.188156, 0.0, 0.0, 0.0, -0.0, 0.0, 0.0, 0.0, 0.0
24.188316, 0.0, 0.0, 0.0, -0.0, 0.0, 0.0, 0.0, 0.0
24.188503, 0.0, 0.0, 0.0, -0.0, 0.0, 0.0, 0.0, 0.0
24.18866, 0.0, 0.0, 0.0, -0.0, 0.0, 0.0, 0.0, 0.0
24.188808, 0.0, 0.0, 0.0, -0.0, 0.0, 0.0, 0.0, 0.0
24.18895, 0.0, 0.0, 0.0, -0.0, 0.0, 0.0, 0.0, 0.0
24.189092, 0.0, 0.0, 0.0, -0.0, 0.0, 0.0, 0.0, 0.0
24.189232, 0.0, 0.0, 0.0, -0.0, 0.0, 0.0, 0.0, 0.0
24.189372, 0.0, 0.0, 0.0, -0.0, 0.0, 0.0, 0.0, 0.0
24.1896, 0.0, 0.0, 0.0, -0.0, 0.0, 0.0, 0.0, 0.0
24.189767, 0.0, 0.0, 0.0, -0.0, 0.0, 0.0, 0.0, 0.0
24.189925, 0.0, 0.0, 0.0, -0.0, 0.0, 0.0, 0.0, 0.0
24.190082, 0.0, 0.0, 0.0, -0.0, 0.0, 0.0, 0.0, 0.0
24.190239, 0.0, 0.0, 0.0, -0.0, 0.0, 0.0, 0.0, 0.0
24.190397, 0.0, 0.0, 0.0, -0.0, 0.0, 0.0, 0.0, 0.0
24.190588, 0.0, 0.0, 0.0, -0.0, 0.0, 0.0, 0.0, 0.0
24.190733, 0.0, 0.0, 0.0, -0.0, 0.0, 0.0, 0.0, 0.0
24.190947, 0.0, 0.0, 0.0, -0.0, 0.0, 0.0, 0.0, 0.0
24.19564, 0.0, 0.0, 0.0, -0.0, 0.0, 0.0, 0.0, 0.0
24.219074, 0.0, 0.0, 0.0, -0.0, 0.0, 0.0, 0.0, 0.0
24.236377, 0.0, 0.0, 0.0, -0.0, 0.0, 0.0, 0.0, 0.0
24.256517, 0.0, 0.0, 0.0, -0.0, 0.0, 0.0, 0.0, 0.0
24.276325, 0.0, 0.0, 0.0, -0.0, 0.0, 0.0, 0.0, 0.0
24.296221, 0.0, 0.0, 0.0, -0.0, 0.0, 0.0, 0.0, 0.0
24.316459, 0.0, 0.0, 0.0, -0.0, 0.0, 0.0, 0.0, 0.0
24.336071, 0.0, 0.0, 0.0, -0.0, 0.0, 0.0, 0.0, 0.0
24.356046, 0.0, 0.0, 0.0, -0.0, 0.0, 0.0, 0.0, 0.0
24.37607, 0.0, 0.0, 0.0, -0.0, 0.0, 0.0, 0.0, 0.0
24.395954, 0.0, 0.0, 0.0, -0.0, 0.0, 0.0, 0.0, 0.0
24.416149, 0.0, 0.0, 0.0, -0.0, 0.0, 0.0, 0.0, 0.0
24.435867, 0.0, 0.0, 0.0, -0.0, 0.0, 0.0, 0.0, 0.0
24.455831, 0.0, 0.0, 0.0, -0.0, 0.0, 0.0, 0.0, 0.0
24.475734, 0.0, 0.0, 0.0, -0.0, 0.0, 0.0, 0.0, 0.0
24.496813, 0.0, 0.0, 0.0, -0.0, 0.0, 0.0, 0.0, 0.0
24.51618, 0.0, 0.0, 0.0, -0.0, 0.0, 0.0, 0.0, 0.0
24.536561, 0.0, 0.0, 0.0, -0.0, 0.0, 0.0, 0.0, 0.0
24.556584, 0.0, 0.0, 0.0, -0.0, 0.0, 0.0, 0.0, 0.0
24.575434, 0.0, 0.0, 0.0, -0.0, 0.0, 0.0, 0.0, 0.0
24.5964, 0.0, 0.0, 0.0, -0.0, 0.0, 0.0, 0.0, 0.0
24.618975, 0.0, 0.0, 0.0, -0.0, 0.0, 0.0, 0.0, 0.0
24.636335, 0.0, 0.0, 0.0, -0.0, 0.0, 0.0, 0.0, 0.0
24.656276, 0.0, 0.0, 0.0, -0.0, 0.0, 0.0, 0.0, 0.0
24.676224, 0.0, 0.0, 0.0, -0.0, 0.0, 0.0, 0.0, 0.0
24.710662, 0.0, 0.0, 0.0, -0.0, 0.0, 0.0, 0.0, 0.0
24.721127, 0.0, 0.0, 0.0, -0.0, 0.0, 0.0, 0.0, 0.0
24.737383, 0.0, 0.0, 0.0, -0.0, 0.0, 0.0, 0.0, 0.0
24.756006, 0.0, 0.0, 0.0, -0.0, 0.0, 0.0, 0.0, 0.0
24.775924, 0.0, 0.0, 0.0, -0.0, 0.0, 0.0, 0.0, 0.0
24.800412, 0.0, 0.0, 0.0, -0.0, 0.0, 0.0, 0.0, 0.0
24.817313, 0.0, 0.0, 0.0, -0.0, 0.0, 0.0, 0.0, 0.0
24.836424, 0.0, 0.0, 0.0, -0.0, 0.0, 0.0, 0.0, 0.0
24.856802, 0.0, 0.0, 0.0, -0.0, 0.0, 0.0, 0.0, 0.0
24.875658, 0.0, 0.0, 0.0, -0.0, 0.0, 0.0, 0.0, 0.0
24.900064, 0.0, 0.0, 0.0, -0.0, 0.0, 0.0, 0.0, 0.0
24.915718, 0.0, 0.0, 0.0, -0.0, 0.0, 0.0, 0.0, 0.0
24.935478, 0.0, 0.0, 0.0, -0.0, 0.0, 0.0, 0.0, 0.0
24.960033, 0.0, 0.0, 0.0, -0.0, 0.0, 0.0, 0.0, 0.0
24.983804, 0.0, 0.0, 0.0, -0.0, 0.0, 0.0, 0.0, 0.0
25.001919, 0.0, 0.0, 0.0, -0.0, 0.0, 0.0, 0.0, 0.0
25.741165, 0.0, 0.0, 0.0, -0.0, 0.0, 0.0, 0.0, 0.0
25.741747, 0.0, 0.0, 0.0, -0.0, 0.0, 0.0, 0.0, 0.0
25.742123, 0.0, 0.0, 0.0, -0.0, 0.0, 0.0, 0.0, 0.0
25.742889, 0.0, 0.0, 0.0, -0.0, 0.0, 0.0, 0.0, 0.0
25.743162, 0.0, 0.0, 0.0, -0.0, 0.0, 0.0, 0.0, 0.0
25.743493, 0.0, 0.0, 0.0, -0.0, 0.0, 0.0, 0.0, 0.0
25.743753, 0.0, 0.0, 0.0, -0.0, 0.0, 0.0, 0.0, 0.0
25.744004, 0.0, 0.0, 0.0, -0.0, 0.0, 0.0, 0.0, 0.0
25.744722, 0.0, 0.0, 0.0, -0.0, 0.0, 0.0, 0.0, 0.0
25.744975, 0.0, 0.0, 0.0, -0.0, 0.0, 0.0, 0.0, 0.0
25.745183, 0.0, 0.0, 0.0, -0.0, 0.0, 0.0, 0.0, 0.0
25.745454, 0.0, 0.0, 0.0, -0.0, 0.0, 0.0, 0.0, 0.0
25.745695, 0.0, 0.0, 0.0, -0.0, 0.0, 0.0, 0.0, 0.0
25.74593, 0.0, 0.0, 0.0, -0.0, 0.0, 0.0, 0.0, 0.0
25.746222, 0.0, 0.0, 0.0, -0.0, 0.0, 0.0, 0.0, 0.0
25.748906, 0.0, 0.0, 0.0, -0.0, 0.0, 0.0, 0.0, 0.0
25.74989, 0.0, 0.0, 0.0, -0.0, 0.0, 0.0, 0.0, 0.0
25.75028, 0.0, 0.0, 0.0, -0.0, 0.0, 0.0, 0.0, 0.0
25.750561, 0.0, 0.0, 0.0, -0.0, 0.0, 0.0, 0.0, 0.0
25.750814, 0.0, 0.0, 0.0, -0.0, 0.0, 0.0, 0.0, 0.0
25.751065, 0.0, 0.0, 0.0, -0.0, 0.0, 0.0, 0.0, 0.0
25.751366, 0.0, 0.0, 0.0, -0.0, 0.0, 0.0, 0.0, 0.0
25.751658, 0.0, 0.0, 0.0, -0.0, 0.0, 0.0, 0.0, 0.0
25.751909, 0.0, 0.0, 0.0, -0.0, 0.0, 0.0, 0.0, 0.0
25.752192, 0.0, 0.0, 0.0, -0.0, 0.0, 0.0, 0.0, 0.0
25.752713, 0.0, 0.0, 0.0, -0.0, 0.0, 0.0, 0.0, 0.0
25.753043, 0.0, 0.0, 0.0, -0.0, 0.0, 0.0, 0.0, 0.0
25.753394, 0.0, 0.0, 0.0, -0.0, 0.0, 0.0, 0.0, 0.0
25.753655, 0.0, 0.0, 0.0, -0.0, 0.0, 0.0, 0.0, 0.0
25.753889, 0.0, 0.0, 0.0, -0.0, 0.0, 0.0, 0.0, 0.0
25.754871, 0.0, 0.0, 0.0, -0.0, 0.0, 0.0, 0.0, 0.0
25.755233, 0.0, 0.0, 0.0, -0.0, 0.0, 0.0, 0.0, 0.0
25.755548, 0.0, 0.0, 0.0, -0.0, 0.0, 0.0, 0.0, 0.0
25.75581, 0.0, 0.0, 0.0, -0.0, 0.0, 0.0, 0.0, 0.0
25.756087, 0.0, 0.0, 0.0, -0.0, 0.0, 0.0, 0.0, 0.0
25.756416, 0.0, 0.0, 0.0, -0.0, 0.0, 0.0, 0.0, 0.0
25.756708, 0.0, 0.0, 0.0, -0.0, 0.0, 0.0, 0.0, 0.0
25.757694, 0.0, 0.0, 0.0, -0.0, 0.0, 0.0, 0.0, 0.0
25.776285, 0.0, 0.0, 0.0, -0.0, 0.0, 0.0, 0.0, 0.0
25.796555, 0.0, 0.0, 0.0, -0.0, 0.0, 0.0, 0.0, 0.0
25.816299, 0.0, 0.0, 0.0, -0.0, 0.0, 0.0, 0.0, 0.0
25.836058, 0.0, 0.0, 0.0, -0.0, 0.0, 0.0, 0.0, 0.0
25.856053, 0.0, 0.0, 0.0, -0.0, 0.0, 0.0, 0.0, 0.0
25.876148, 0.0, 0.0, 0.0, -0.0, 0.0, 0.0, 0.0, 0.0
25.895982, 0.0, 0.0, 0.0, -0.0, 0.0, 0.0, 0.0, 0.0
25.916117, 0.0, 0.0, 0.0, -0.0, 0.0, 0.0, 0.0, 0.0
25.935794, 0.0, 0.0, 0.0, -0.0, 0.0, 0.0, 0.0, 0.0
25.955732, 0.0, 0.0, 0.0, -0.0, 0.0, 0.0, 0.0, 0.0
25.975682, 0.0, 0.0, 0.0, -0.0, 0.0, 0.0, 0.0, 0.0
25.996669, 0.0, 0.0, 0.0, -0.0, 0.0, 0.0, 0.0, 0.0
26.016661, 0.0, 0.0, 0.0, -0.0, 0.0, 0.0, 0.0, 0.0
26.036593, 0.0, 0.0, 0.0, -0.0, 0.0, 0.0, 0.0, 0.0
26.063146, 0.0, 0.0, 0.0, -0.0, 0.0, 0.0, 0.0, 0.0
26.076462, 0.0, 0.0, 0.0, -0.0, 0.0, 0.0, 0.0, 0.0
26.099939, 0.0, 0.0, 0.0, -0.0, 0.0, 0.0, 0.0, 0.0
26.119104, 0.0, 0.0, 0.0, -0.0, 0.0, 0.0, 0.0, 0.0
26.136289, 0.0, 0.0, 0.0, -0.0, 0.0, 0.0, 0.0, 0.0
26.156355, 0.0, 0.0, 0.0, -0.0, 0.0, 0.0, 0.0, 0.0
26.176139, 0.0, 0.0, 0.0, -0.0, 0.0, 0.0, 0.0, 0.0
26.196145, 0.0, 0.0, 0.0, -0.0, 0.0, 0.0, 0.0, 0.0
26.216076, 0.0, 0.0, 0.0, -0.0, 0.0, 0.0, 0.0, 0.0
26.23598, 0.0, 0.0, 0.0, -0.0, 0.0, 0.0, 0.0, 0.0
26.255947, 0.0, 0.0, 0.0, -0.0, 0.0, 0.0, 0.0, 0.0
26.27588, 0.0, 0.0, 0.0, -0.0, 0.0, 0.0, 0.0, 0.0
26.295855, 0.0, 0.0, 0.0, -0.0, 0.0, 0.0, 0.0, 0.0
26.316018, 0.0, 0.0, 0.0, -0.0, 0.0, 0.0, 0.0, 0.0
26.335739, 0.0, 0.0, 0.0, -0.0, 0.0, 0.0, 0.0, 0.0
26.355698, 0.0, 0.0, 0.0, -0.0, 0.0, 0.0, 0.0, 0.0
26.37684, 0.0, 0.0, 0.0, -0.0, 0.0, 0.0, 0.0, 0.0
26.395597, 0.0, 0.0, 0.0, -0.0, 0.0, 0.0, 0.0, 0.0
26.41656, 0.0, 0.0, 0.0, -0.0, 0.0, 0.0, 0.0, 0.0
26.436479, 0.0, 0.0, 0.0, -0.0, 0.0, 0.0, 0.0, 0.0
26.456441, 0.0, 0.0, 0.0, -0.0, 0.0, 0.0, 0.0, 0.0
26.476418, 0.0, 0.0, 0.0, -0.0, 0.0, 0.0, 0.0, 0.0
26.496522, 0.0, 0.0, 0.0, -0.0, 0.0, 0.0, 0.0, 0.0
26.516268, 0.0, 0.0, 0.0, -0.0, 0.0, 0.0, 0.0, 0.0
26.536187, 0.0, 0.0, 0.0, -0.0, 0.0, 0.0, 0.0, 0.0
26.556121, 0.0, 0.0, 0.0, -0.0, 0.0, 0.0, 0.0, 0.0
26.576095, 0.0, 0.0, 0.0, -0.0, 0.0, 0.0, 0.0, 0.0
26.596034, 0.0, 0.0, 0.0, -0.0, 0.0, 0.0, 0.0, 0.0
26.615995, 0.0, 0.0, 0.0, -0.0, 0.0, 0.0, 0.0, 0.0
26.635904, 0.0, 0.0, 0.0, -0.0, 0.0, 0.0, 0.0, 0.0
26.655865, 0.0, 0.0, 0.0, -0.0, 0.0, 0.0, 0.0, 0.0
26.67592, 0.0, 0.0, 0.0, -0.0, 0.0, 0.0, 0.0, 0.0
26.69578, 0.0, 0.0, 0.0, -0.0, 0.0, 0.0, 0.0, 0.0
26.715836, 0.0, 0.0, 0.0, -0.0, 0.0, 0.0, 0.0, 0.0
26.735677, 0.0, 0.0, 0.0, -0.0, 0.0, 0.0, 0.0, 0.0
26.756585, 0.0, 0.0, 0.0, -0.0, 0.0, 0.0, 0.0, 0.0
26.776676, 0.0, 0.0, 0.0, -0.0, 0.0, 0.0, 0.0, 0.0
26.796643, 0.0, 0.0, 0.0, -0.0, 0.0, 0.0, 0.0, 0.0
26.815597, 0.0, 0.0, 0.0, -0.0, 0.0, 0.0, 0.0, 0.0
26.836398, 0.0, 0.0, 0.0, -0.0, 0.0, 0.0, 0.0, 0.0
26.856369, 0.0, 0.0, 0.0, -0.0, 0.0, 0.0, 0.0, 0.0
26.876302, 0.0, 0.0, 0.0, -0.0, 0.0, 0.0, 0.0, 0.0
26.896252, 0.0, 0.0, 0.0, -0.0, 0.0, 0.0, 0.0, 0.0
26.91623, 0.0, 0.0, 0.0, -0.0, 0.0, 0.0, 0.0, 0.0
26.936133, 0.0, 0.0, 0.0, -0.0, 0.0, 0.0, 0.0, 0.0
26.956077, 0.0, 0.0, 0.0, -0.0, 0.0, 0.0, 0.0, 0.0
26.976053, 0.0, 0.0, 0.0, -0.0, 0.0, 0.0, 0.0, 0.0
26.996173, 0.0, 0.0, 0.0, -0.0, 0.0, 0.0, 0.0, 0.0
27.016031, 0.0, 0.0, 0.0, -0.0, 0.0, 0.0, 0.0, 0.0
27.035855, 0.0, 0.0, 0.0, -0.0, 0.0, 0.0, 0.0, 0.0
27.055812, 0.0, 0.0, 0.0, -0.0, 0.0, 0.0, 0.0, 0.0
27.077161, 0.0, 0.0, 0.0, -0.0, 0.0, 0.0, 0.0, 0.0
27.109731, 0.0, 0.0, 0.0, -0.0, 0.0, 0.0, 0.0, 0.0
27.116728, 0.0, 0.0, 0.0, -0.0, 0.0, 0.0, 0.0, 0.0
27.148109, 0.0, 0.0, 0.0, -0.0, 0.0, 0.0, 0.0, 0.0
27.159624, 0.0, 0.0, 0.0, -0.0, 0.0, 0.0, 0.0, 0.0
27.182769, 0.0, 0.0, 0.0, -0.0, 0.0, 0.0, 0.0, 0.0
27.195486, 0.0, 0.0, 0.0, -0.0, 0.0, 0.0, 0.0, 0.0
27.215852, 0.0, 0.0, 0.0, -0.0, 0.0, 0.0, 0.0, 0.0
27.235353, 0.0, 0.0, 0.0, -0.0, 0.0, 0.0, 0.0, 0.0
27.256326, 0.0, 0.0, 0.0, -0.0, 0.0, 0.0, 0.0, 0.0
27.276357, 0.0, 0.0, 0.0, -0.0, 0.0, 0.0, 0.0, 0.0
27.296185, 0.0, 0.0, 0.0, -0.0, 0.0, 0.0, 0.0, 0.0
27.31612, 0.0, 0.0, 0.0, -0.0, 0.0, 0.0, 0.0, 0.0
27.336089, 0.0, 0.0, 0.0, -0.0, 0.0, 0.0, 0.0, 0.0
27.356018, 0.0, 0.0, 0.0, -0.0, 0.0, 0.0, 0.0, 0.0
27.376012, 0.0, 0.0, 0.0, -0.0, 0.0, 0.0, 0.0, 0.0
27.395896, 0.0, 0.0, 0.0, -0.0, 0.0, 0.0, 0.0, 0.0
27.415873, 0.0, 0.0, 0.0, -0.0, 0.0, 0.0, 0.0, 0.0
27.435817, 0.0, 0.0, 0.0, -0.0, 0.0, 0.0, 0.0, 0.0
27.458001, 0.0, 0.0, 0.0, -0.0, 0.0, 0.0, 0.0, 0.0
27.483296, 0.0, 0.0, 0.0, -0.0, 0.0, 0.0, 0.0, 0.0
27.506444, 0.0, 0.0, 0.0, -0.0, 0.0, 0.0, 0.0, 0.0
27.524086, 0.0, 0.0, 0.0, -0.0, 0.0, 0.0, 0.0, 0.0
27.553165, 0.0, 0.0, 0.0, -0.0, 0.0, 0.0, 0.0, 0.0
27.557428, 0.0, 0.0, 0.0, -0.0, 0.0, 0.0, 0.0, 0.0
27.586119, 0.0, 0.0, 0.0, -0.0, 0.0, 0.0, 0.0, 0.0
27.605119, 0.0, 0.0, 0.0, -0.0, 0.0, 0.0, 0.0, 0.0
27.616636, 0.0, 0.0, 0.0, -0.0, 0.0, 0.0, 0.0, 0.0
27.636267, 0.0, 0.0, 0.0, -0.0, 0.0, 0.0, 0.0, 0.0
27.656209, 0.0, 0.0, 0.0, -0.0, 0.0, 0.0, 0.0, 0.0
27.67642, 0.0, 0.0, 0.0, -0.0, 0.0, 0.0, 0.0, 0.0
27.699135, 0.0, 0.0, 0.0, -0.0, 0.0, 0.0, 0.0, 0.0
27.716106, 0.0, 0.0, 0.0, -0.0, 0.0, 0.0, 0.0, 0.0
27.736069, 0.0, 0.0, 0.0, -0.0, 0.0, 0.0, 0.0, 0.0
27.755945, 0.0, 0.0, 0.0, -0.0, 0.0, 0.0, 0.0, 0.0
27.775896, 0.0, 0.0, 0.0, -0.0, 0.0, 0.0, 0.0, 0.0
27.795811, 0.0, 0.0, 0.0, -0.0, 0.0, 0.0, 0.0, 0.0
27.81583, 0.0, 0.0, 0.0, -0.0, 0.0, 0.0, 0.0, 0.0
27.836023, 0.0, 0.0, 0.0, -0.0, 0.0, 0.0, 0.0, 0.0
27.855808, 0.0, 0.0, 0.0, -0.0, 0.0, 0.0, 0.0, 0.0
27.876727, 0.0, 0.0, 0.0, -0.0, 0.0, 0.0, 0.0, 0.0
27.897352, 0.0, 0.0, 0.0, -0.0, 0.0, 0.0, 0.0, 0.0
27.916492, 0.0, 0.0, 0.0, -0.0, 0.0, 0.0, 0.0, 0.0
27.936423, 0.0, 0.0, 0.0, -0.0, 0.0, 0.0, 0.0, 0.0
27.956397, 0.0, 0.0, 0.0, -0.0, 0.0, 0.0, 0.0, 0.0
27.976489, 0.0, 0.0, 0.0, -0.0, 0.0, 0.0, 0.0, 0.0
27.996287, 0.0, 0.0, 0.0, -0.0, 0.0, 0.0, 0.0, 0.0
28.016293, 0.0, 0.0, 0.0, -0.0, 0.0, 0.0, 0.0, 0.0
28.036234, 0.0, 0.0, 0.0, -0.0, 0.0, 0.0, 0.0, 0.0
28.056156, 0.0, 0.0, 0.0, -0.0, 0.0, 0.0, 0.0, 0.0
28.076065, 0.0, 0.0, 0.0, -0.0, 0.0, 0.0, 0.0, 0.0
28.096086, 0.0, 0.0, 0.0, -0.0, 0.0, 0.0, 0.0, 0.0
28.116366, 0.0, 0.0, 0.0, -0.0, 0.0, 0.0, 0.0, 0.0
28.137097, 0.0, 0.0, 0.0, -0.0, 0.0, 0.0, 0.0, 0.0
28.155846, 0.0, 0.0, 0.0, -0.0, 0.0, 0.0, 0.0, 0.0
28.176807, 0.0, 0.0, 0.0, -0.0, 0.0, 0.0, 0.0, 0.0
28.195765, 0.0, 0.0, 0.0, -0.0, 0.0, 0.0, 0.0, 0.0
28.215707, 0.0, 0.0, 0.0, -0.0, 0.0, 0.0, 0.0, 0.0
28.236863, 0.0, 0.0, 0.0, -0.0, 0.0, 0.0, 0.0, 0.0
28.255594, 0.0, 0.0, 0.0, -0.0, 0.0, 0.0, 0.0, 0.0
28.276557, 0.0, 0.0, 0.0, -0.0, 0.0, 0.0, 0.0, 0.0
28.297094, 0.0, 0.0, 0.0, -0.0, 0.0, 0.0, 0.0, 0.0
28.316439, 0.0, 0.0, 0.0, -0.0, 0.0, 0.0, 0.0, 0.0
28.336503, 0.0, 0.0, 0.0, -0.0, 0.0, 0.0, 0.0, 0.0
28.356405, 0.0, 0.0, 0.0, -0.0, 0.0, 0.0, 0.0, 0.0
28.37628, 0.0, 0.0, 0.0, -0.0, 0.0, 0.0, 0.0, 0.0
28.396261, 0.0, 0.0, 0.0, -0.0, 0.0, 0.0, 0.0, 0.0
28.416218, 0.0, 0.0, 0.0, -0.0, 0.0, 0.0, 0.0, 0.0
28.436238, 0.0, 0.0, 0.0, -0.0, 0.0, 0.0, 0.0, 0.0
28.45612, 0.0, 0.0, 0.0, -0.0, 0.0, 0.0, 0.0, 0.0
28.47601, 0.0, 0.0, 0.0, -0.0, 0.0, 0.0, 0.0, 0.0
28.495957, 0.0, 0.0, 0.0, -0.0, 0.0, 0.0, 0.0, 0.0
28.515909, 0.0, 0.0, 0.0, -0.0, 0.0, 0.0, 0.0, 0.0
28.535862, 0.0, 0.0, 0.0, -0.0, 0.0, 0.0, 0.0, 0.0
28.555929, 0.0, 0.0, 0.0, -0.0, 0.0, 0.0, 0.0, 0.0
28.575792, 0.0, 0.0, 0.0, -0.0, 0.0, 0.0, 0.0, 0.0
28.597021, 0.0, 0.0, 0.0, -0.0, 0.0, 0.0, 0.0, 0.0
28.616611, 0.0, 0.0, 0.0, -0.0, 0.0, 0.0, 0.0, 0.0
28.636586, 0.0, 0.0, 0.0, -0.0, 0.0, 0.0, 0.0, 0.0
28.656536, 0.0, 0.0, 0.0, -0.0, 0.0, 0.0, 0.0, 0.0
28.676457, 0.0, 0.0, 0.0, -0.0, 0.0, 0.0, 0.0, 0.0
28.697226, 0.0, 0.0, 0.0, -0.0, 0.0, 0.0, 0.0, 0.0
28.715559, 0.0, 0.0, 0.0, -0.0, 0.0, 0.0, 0.0, 0.0
28.736329, 0.0, 0.0, 0.0, -0.0, 0.0, 0.0, 0.0, 0.0
28.756255, 0.0, 0.0, 0.0, -0.0, 0.0, 0.0, 0.0, 0.0
28.776369, 0.0, 0.0, 0.0, -0.0, 0.0, 0.0, 0.0, 0.0
28.840071, 0.0, 0.0, 0.0, -0.0, 0.0, 0.0, 0.0, 0.0
28.840479, 0.0, 0.0, 0.0, -0.0, 0.0, 0.0, 0.0, 0.0
28.840733, 0.0, 0.0, 0.0, -0.0, 0.0, 0.0, 0.0, 0.0
28.857029, 0.0, 0.0, 0.0, -0.0, 0.0, 0.0, 0.0, 0.0
28.87607, 0.0, 0.0, 0.0, -0.0, 0.0, 0.0, 0.0, 0.0
28.899258, 0.0, 0.0, 0.0, -0.0, 0.0, 0.0, 0.0, 0.0
28.917052, 0.0, 0.0, 0.0, -0.0, 0.0, 0.0, 0.0, 0.0
28.935807, 0.0, 0.0, 0.0, -0.0, 0.0, 0.0, 0.0, 0.0
28.95582, 0.0, 0.0, 0.0, -0.0, 0.0, 0.0, 0.0, 0.0
28.975755, 0.0, 0.0, 0.0, -0.0, 0.0, 0.0, 0.0, 0.0
28.997251, 0.0, 0.0, 0.0, -0.0, 0.0, 0.0, 0.0, 0.0
29.01577, 0.0, 0.0, 0.0, -0.0, 0.0, 0.0, 0.0, 0.0
29.036652, 0.0, 0.0, 0.0, -0.0, 0.0, 0.0, 0.0, 0.0
29.056458, 0.0, 0.0, 0.0, -0.0, 0.0, 0.0, 0.0, 0.0
29.076737, 0.0, 0.0, 0.0, -0.0, 0.0, 0.0, 0.0, 0.0
29.102094, 0.0, 0.0, 0.0, -0.0, 0.0, 0.0, 0.0, 0.0
29.116848, 0.0, 0.0, 0.0, -0.0, 0.0, 0.0, 0.0, 0.0
29.136532, 0.0, 0.0, 0.0, -0.0, 0.0, 0.0, 0.0, 0.0
29.156231, 0.0, 0.0, 0.0, -0.0, 0.0, 0.0, 0.0, 0.0
29.176141, 0.0, 0.0, 0.0, -0.0, 0.0, 0.0, 0.0, 0.0
29.198875, 0.0, 0.0, 0.0, -0.0, 0.0, 0.0, 0.0, 0.0
29.216062, 0.0, 0.0, 0.0, -0.0, 0.0, 0.0, 0.0, 0.0
29.236002, 0.0, 0.0, 0.0, -0.0, 0.0, 0.0, 0.0, 0.0
29.255942, 0.0, 0.0, 0.0, -0.0, 0.0, 0.0, 0.0, 0.0
29.27588, 0.0, 0.0, 0.0, -0.0, 0.0, 0.0, 0.0, 0.0
29.295858, 0.0, 0.0, 0.0, -0.0, 0.0, 0.0, 0.0, 0.0
29.31744, 0.0, 0.0, 0.0, -0.0, 0.0, 0.0, 0.0, 0.0
29.335721, 0.0, 0.0, 0.0, -0.0, 0.0, 0.0, 0.0, 0.0
29.355671, 0.0, 0.0, 0.0, -0.0, 0.0, 0.0, 0.0, 0.0
29.376603, 0.0, 0.0, 0.0, -0.0, 0.0, 0.0, 0.0, 0.0
29.404145, 0.0, 0.0, 0.0, -0.0, 0.0, 0.0, 0.0, 0.0
29.416515, 0.0, 0.0, 0.0, -0.0, 0.0, 0.0, 0.0, 0.0
29.436438, 0.0, 0.0, 0.0, -0.0, 0.0, 0.0, 0.0, 0.0
29.456371, 0.0, 0.0, 0.0, -0.0, 0.0, 0.0, 0.0, 0.0
29.476533, 0.0, 0.0, 0.0, -0.0, 0.0, 0.0, 0.0, 0.0
29.497414, 0.0, 0.0, 0.0, -0.0, 0.0, 0.0, 0.0, 0.0
29.516225, 0.0, 0.0, 0.0, -0.0, 0.0, 0.0, 0.0, 0.0
29.53617, 0.0, 0.0, 0.0, -0.0, 0.0, 0.0, 0.0, 0.0
29.556097, 0.0, 0.0, 0.0, -0.0, 0.0, 0.0, 0.0, 0.0
29.576081, 0.0, 0.0, 0.0, -0.0, 0.0, 0.0, 0.0, 0.0
29.596053, 0.0, 0.0, 0.0, -0.0, 0.0, 0.0, 0.0, 0.0
29.617402, 0.0, 0.0, 0.0, -0.0, 0.0, 0.0, 0.0, 0.0
29.636093, 0.0, 0.0, 0.0, -0.0, 0.0, 0.0, 0.0, 0.0
29.655913, 0.0, 0.0, 0.0, -0.0, 0.0, 0.0, 0.0, 0.0
29.675856, 0.0, 0.0, 0.0, -0.0, 0.0, 0.0, 0.0, 0.0
29.695774, 0.0, 0.0, 0.0, -0.0, 0.0, 0.0, 0.0, 0.0
29.716746, 0.0, 0.0, 0.0, -0.0, 0.0, 0.0, 0.0, 0.0
29.736664, 0.0, 0.0, 0.0, -0.0, 0.0, 0.0, 0.0, 0.0
29.756614, 0.0, 0.0, 0.0, -0.0, 0.0, 0.0, 0.0, 0.0
29.776625, 0.0, 0.0, 0.0, -0.0, 0.0, 0.0, 0.0, 0.0
29.796714, 0.0, 0.0, 0.0, -0.0, 0.0, 0.0, 0.0, 0.0
29.815457, 0.0, 0.0, 0.0, -0.0, 0.0, 0.0, 0.0, 0.0
29.836411, 0.0, 0.0, 0.0, -0.0, 0.0, 0.0, 0.0, 0.0
29.856326, 0.0, 0.0, 0.0, -0.0, 0.0, 0.0, 0.0, 0.0
29.876545, 0.0, 0.0, 0.0, -0.0, 0.0, 0.0, 0.0, 0.0
29.897009, 0.0, 0.0, 0.0, -0.0, 0.0, 0.0, 0.0, 0.0
29.916159, 0.0, 0.0, 0.0, -0.0, 0.0, 0.0, 0.0, 0.0
29.936111, 0.0, 0.0, 0.0, -0.0, 0.0, 0.0, 0.0, 0.0
29.956286, 0.0, 0.0, 0.0, -0.0, 0.0, 0.0, 0.0, 0.0
29.977523, 0.0, 0.0, 0.0, -0.0, 0.0, 0.0, 0.0, 0.0
29.998996, 0.0, 0.0, 0.0, -0.0, 0.0, 0.0, 0.0, 0.0
30.015963, 0.0, 0.0, 0.0, -0.0, 0.0, 0.0, 0.0, 0.0
30.036889, 0.0, 0.0, 0.0, -0.0, 0.0, 0.0, 0.0, 0.0
30.055982, 0.0, 0.0, 0.0, -0.0, 0.0, 0.0, 0.0, 0.0
30.075855, 0.0, 0.0, 0.0, -0.0, 0.0, 0.0, 0.0, 0.0
30.20862, 0.0, 0.0, 0.0, -0.0, 0.0, 0.0, 0.0, 0.0
30.208987, 0.0, 0.0, 0.0, -0.0, 0.0, 0.0, 0.0, 0.0
30.209176, 0.0, 0.0, 0.0, -0.0, 0.0, 0.0, 0.0, 0.0
30.209443, 0.0, 0.0, 0.0, -0.0, 0.0, 0.0, 0.0, 0.0
30.20963, 0.0, 0.0, 0.0, -0.0, 0.0, 0.0, 0.0, 0.0
30.209794, 0.0, 0.0, 0.0, -0.0, 0.0, 0.0, 0.0, 0.0
30.220348, 0.0, 0.0, 0.0, -0.0, 0.0, 0.0, 0.0, 0.0
30.240187, 0.0, 0.0, 0.0, -0.0, 0.0, 0.0, 0.0, 0.0
30.256291, 0.0, 0.0, 0.0, -0.0, 0.0, 0.0, 0.0, 0.0
30.276239, 0.0, 0.0, 0.0, -0.0, 0.0, 0.0, 0.0, 0.0
30.299326, 0.0, 0.0, 0.0, -0.0, 0.0, 0.0, 0.0, 0.0
30.316377, 0.0, 0.0, 0.0, -0.0, 0.0, 0.0, 0.0, 0.0
30.336047, 0.0, 0.0, 0.0, -0.0, 0.0, 0.0, 0.0, 0.0
30.356126, 0.0, 0.0, 0.0, -0.0, 0.0, 0.0, 0.0, 0.0
30.375934, 0.0, 0.0, 0.0, -0.0, 0.0, 0.0, 0.0, 0.0
30.395995, 0.0, 0.0, 0.0, -0.0, 0.0, 0.0, 0.0, 0.0
30.415863, 0.0, 0.0, 0.0, -0.0, 0.0, 0.0, 0.0, 0.0
30.435781, 0.0, 0.0, 0.0, -0.0, 0.0, 0.0, 0.0, 0.0
30.455759, 0.0, 0.0, 0.0, -0.0, 0.0, 0.0, 0.0, 0.0
30.47567, 0.0, 0.0, 0.0, -0.0, 0.0, 0.0, 0.0, 0.0
30.496864, 0.0, 0.0, 0.0, -0.0, 0.0, 0.0, 0.0, 0.0
30.515562, 0.0, 0.0, 0.0, -0.0, 0.0, 0.0, 0.0, 0.0
30.537003, 0.0, 0.0, 0.0, -0.0, 0.0, 0.0, 0.0, 0.0
30.555464, 0.0, 0.0, 0.0, -0.0, 0.0, 0.0, 0.0, 0.0
30.576421, 0.0, 0.0, 0.0, -0.0, 0.0, 0.0, 0.0, 0.0
30.599592, 0.0, 0.0, 0.0, -0.0, 0.0, 0.0, 0.0, 0.0
30.618097, 0.0, 0.0, 0.0, -0.0, 0.0, 0.0, 0.0, 0.0
30.636589, 0.0, 0.0, 0.0, -0.0, 0.0, 0.0, 0.0, 0.0
30.656295, 0.0, 0.0, 0.0, -0.0, 0.0, 0.0, 0.0, 0.0
30.67615, 0.0, 0.0, 0.0, -0.0, 0.0, 0.0, 0.0, 0.0
30.708685, 0.0, 0.0, 0.0, -0.0, 0.0, 0.0, 0.0, 0.0
30.71705, 0.0, 0.0, 0.0, -0.0, 0.0, 0.0, 0.0, 0.0
30.74, 0.0, 0.0, 0.0, -0.0, 0.0, 0.0, 0.0, 0.0
30.755932, 0.0, 0.0, 0.0, -0.0, 0.0, 0.0, 0.0, 0.0
30.775899, 0.0, 0.0, 0.0, -0.0, 0.0, 0.0, 0.0, 0.0
30.799534, 0.0, 0.0, 0.0, -0.0, 0.0, 0.0, 0.0, 0.0
30.816772, 0.0, 0.0, 0.0, -0.0, 0.0, 0.0, 0.0, 0.0
30.836846, 0.0, 0.0, 0.0, -0.0, 0.0, 0.0, 0.0, 0.0
30.855681, 0.0, 0.0, 0.0, -0.0, 0.0, 0.0, 0.0, 0.0
30.884617, 0.0, 0.0, 0.0, -0.0, 0.0, 0.0, 0.0, 0.0
30.901209, 0.0, 0.0, 0.0, -0.0, 0.0, 0.0, 0.0, 0.0
30.918256, 0.0, 0.0, 0.0, -0.0, 0.0, 0.0, 0.0, 0.0
30.939877, 0.0, 0.0, 0.0, -0.0, 0.0, 0.0, 0.0, 0.0
30.956868, 0.0, 0.0, 0.0, -0.0, 0.0, 0.0, 0.0, 0.0
30.975336, 0.0, 0.0, 0.0, -0.0, 0.0, 0.0, 0.0, 0.0
31.005318, 0.0, 0.0, 0.0, -0.0, 0.0, 0.0, 0.0, 0.0
31.016969, 0.0, 0.0, 0.0, -0.0, 0.0, 0.0, 0.0, 0.0
31.036167, 0.0, 0.0, 0.0, -0.0, 0.0, 0.0, 0.0, 0.0
31.056611, 0.0, 0.0, 0.0, -0.0, 0.0, 0.0, 0.0, 0.0
31.076054, 0.0, 0.0, 0.0, -0.0, 0.0, 0.0, 0.0, 0.0
31.294892, 0.0, 0.0, 0.0, -0.0, 0.0, 0.0, 0.0, 0.0
31.295907, 0.0, 0.0, 0.0, -0.0, 0.0, 0.0, 0.0, 0.0
31.296779, 0.0, 0.0, 0.0, -0.0, 0.0, 0.0, 0.0, 0.0
31.297912, 0.0, 0.0, 0.0, -0.0, 0.0, 0.0, 0.0, 0.0
31.299638, 0.0, 0.0, 0.0, -0.0, 0.0, 0.0, 0.0, 0.0
31.300125, 0.0, 0.0, 0.0, -0.0, 0.0, 0.0, 0.0, 0.0
31.300756, 0.0, 0.0, 0.0, -0.0, 0.0, 0.0, 0.0, 0.0
31.300985, 0.0, 0.0, 0.0, -0.0, 0.0, 0.0, 0.0, 0.0
31.301146, 0.0, 0.0, 0.0, -0.0, 0.0, 0.0, 0.0, 0.0
31.301296, 0.0, 0.0, 0.0, -0.0, 0.0, 0.0, 0.0, 0.0
31.301453, 0.0, 0.0, 0.0, -0.0, 0.0, 0.0, 0.0, 0.0
31.322029, 0.0, 0.0, 0.0, -0.0, 0.0, 0.0, 0.0, 0.0
31.336395, 0.0, 0.0, 0.0, -0.0, 0.0, 0.0, 0.0, 0.0
31.355381, 0.0, 0.0, 0.0, -0.0, 0.0, 0.0, 0.0, 0.0
31.376287, 0.0, 0.0, 0.0, -0.0, 0.0, 0.0, 0.0, 0.0
31.400728, 0.0, 0.0, 0.0, -0.0, 0.0, 0.0, 0.0, 0.0
31.420169, 0.0, 0.0, 0.0, -0.0, 0.0, 0.0, 0.0, 0.0
31.436088, 0.0, 0.0, 0.0, -0.0, 0.0, 0.0, 0.0, 0.0
31.456157, 0.0, 0.0, 0.0, -0.0, 0.0, 0.0, 0.0, 0.0
31.476008, 0.0, 0.0, 0.0, -0.0, 0.0, 0.0, 0.0, 0.0
31.498969, 0.0, 0.0, 0.0, -0.0, 0.0, 0.0, 0.0, 0.0
31.515943, 0.0, 0.0, 0.0, -0.0, 0.0, 0.0, 0.0, 0.0
31.536993, 0.0, 0.0, 0.0, -0.0, 0.0, 0.0, 0.0, 0.0
31.55577, 0.0, 0.0, 0.0, -0.0, 0.0, 0.0, 0.0, 0.0
31.575733, 0.0, 0.0, 0.0, -0.0, 0.0, 0.0, 0.0, 0.0
31.601362, 0.0, 0.0, 0.0, -0.0, 0.0, 0.0, 0.0, 0.0
31.617627, 0.0, 0.0, 0.0, -0.0, 0.0, 0.0, 0.0, 0.0
31.636688, 0.0, 0.0, 0.0, -0.0, 0.0, 0.0, 0.0, 0.0
31.656531, 0.0, 0.0, 0.0, -0.0, 0.0, 0.0, 0.0, 0.0
31.677685, 0.0, 0.0, 0.0, -0.0, 0.0, 0.0, 0.0, 0.0
31.699452, 0.0, 0.0, 0.0, -0.0, 0.0, 0.0, 0.0, 0.0
31.716399, 0.0, 0.0, 0.0, -0.0, 0.0, 0.0, 0.0, 0.0
31.736446, 0.0, 0.0, 0.0, -0.0, 0.0, 0.0, 0.0, 0.0
31.756244, 0.0, 0.0, 0.0, -0.0, 0.0, 0.0, 0.0, 0.0
31.776285, 0.0, 0.0, 0.0, -0.0, 0.0, 0.0, 0.0, 0.0
31.796279, 0.0, 0.0, 0.0, -0.0, 0.0, 0.0, 0.0, 0.0
31.816091, 0.0, 0.0, 0.0, -0.0, 0.0, 0.0, 0.0, 0.0
31.836071, 0.0, 0.0, 0.0, -0.0, 0.0, 0.0, 0.0, 0.0
31.855963, 0.0, 0.0, 0.0, -0.0, 0.0, 0.0, 0.0, 0.0
31.87591, 0.0, 0.0, 0.0, -0.0, 0.0, 0.0, 0.0, 0.0
31.896052, 0.0, 0.0, 0.0, -0.0, 0.0, 0.0, 0.0, 0.0
31.915793, 0.0, 0.0, 0.0, -0.0, 0.0, 0.0, 0.0, 0.0
31.936772, 0.0, 0.0, 0.0, -0.0, 0.0, 0.0, 0.0, 0.0
31.956774, 0.0, 0.0, 0.0, -0.0, 0.0, 0.0, 0.0, 0.0
31.976654, 0.0, 0.0, 0.0, -0.0, 0.0, 0.0, 0.0, 0.0
31.996718, 0.0, 0.0, 0.0, -0.0, 0.0, 0.0, 0.0, 0.0
32.015593, 0.0, 0.0, 0.0, -0.0, 0.0, 0.0, 0.0, 0.0
32.036566, 0.0, 0.0, 0.0, -0.0, 0.0, 0.0, 0.0, 0.0
32.05924, 0.0, 0.0, 0.0, -0.0, 0.0, 0.0, 0.0, 0.0
32.076503, 0.0, 0.0, 0.0, -0.0, 0.0, 0.0, 0.0, 0.0
32.096237, 0.0, 0.0, 0.0, -0.0, 0.0, 0.0, 0.0, 0.0
32.117154, 0.0, 0.0, 0.0, -0.0, 0.0, 0.0, 0.0, 0.0
32.136275, 0.0, 0.0, 0.0, -0.0, 0.0, 0.0, 0.0, 0.0
32.156156, 0.0, 0.0, 0.0, -0.0, 0.0, 0.0, 0.0, 0.0
32.176124, 0.0, 0.0, 0.0, -0.0, 0.0, 0.0, 0.0, 0.0
32.196061, 0.0, 0.0, 0.0, -0.0, 0.0, 0.0, 0.0, 0.0
32.21606, 0.0, 0.0, 0.0, -0.0, 0.0, 0.0, 0.0, 0.0
32.235952, 0.0, 0.0, 0.0, -0.0, 0.0, 0.0, 0.0, 0.0
32.255898, 0.0, 0.0, 0.0, -0.0, 0.0, 0.0, 0.0, 0.0
32.275831, 0.0, 0.0, 0.0, -0.0, 0.0, 0.0, 0.0, 0.0
32.296958, 0.0, 0.0, 0.0, -0.0, 0.0, 0.0, 0.0, 0.0
32.315848, 0.0, 0.0, 0.0, -0.0, 0.0, 0.0, 0.0, 0.0
32.33568, 0.0, 0.0, 0.0, -0.0, 0.0, 0.0, 0.0, 0.0
32.356631, 0.0, 0.0, 0.0, -0.0, 0.0, 0.0, 0.0, 0.0
32.376565, 0.0, 0.0, 0.0, -0.0, 0.0, 0.0, 0.0, 0.0
32.396835, 0.0, 0.0, 0.0, -0.0, 0.0, 0.0, 0.0, 0.0
32.41651, 0.0, 0.0, 0.0, -0.0, 0.0, 0.0, 0.0, 0.0
32.436432, 0.0, 0.0, 0.0, -0.0, 0.0, 0.0, 0.0, 0.0
32.456357, 0.0, 0.0, 0.0, -0.0, 0.0, 0.0, 0.0, 0.0
32.476321, 0.0, 0.0, 0.0, -0.0, 0.0, 0.0, 0.0, 0.0
32.496712, 0.0, 0.0, 0.0, -0.0, 0.0, 0.0, 0.0, 0.0
32.516231, 0.0, 0.0, 0.0, -0.0, 0.0, 0.0, 0.0, 0.0
32.536161, 0.0, 0.0, 0.0, -0.0, 0.0, 0.0, 0.0, 0.0
32.556089, 0.0, 0.0, 0.0, -0.0, 0.0, 0.0, 0.0, 0.0
32.576035, 0.0, 0.0, 0.0, -0.0, 0.0, 0.0, 0.0, 0.0
32.596046, 0.0, 0.0, 0.0, -0.0, 0.0, 0.0, 0.0, 0.0
32.615941, 0.0, 0.0, 0.0, -0.0, 0.0, 0.0, 0.0, 0.0
32.635884, 0.0, 0.0, 0.0, -0.0, 0.0, 0.0, 0.0, 0.0
32.655836, 0.0, 0.0, 0.0, -0.0, 0.0, 0.0, 0.0, 0.0
32.675776, 0.0, 0.0, 0.0, -0.0, 0.0, 0.0, 0.0, 0.0
32.69572, 0.0, 0.0, 0.0, -0.0, 0.0, 0.0, 0.0, 0.0
32.715672, 0.0, 0.0, 0.0, -0.0, 0.0, 0.0, 0.0, 0.0
32.736662, 0.0, 0.0, 0.0, -0.0, 0.0, 0.0, 0.0, 0.0
32.755577, 0.0, 0.0, 0.0, -0.0, 0.0, 0.0, 0.0, 0.0
32.776488, 0.0, 0.0, 0.0, -0.0, 0.0, 0.0, 0.0, 0.0
32.796549, 0.0, 0.0, 0.0, -0.0, 0.0, 0.0, 0.0, 0.0
32.815409, 0.0, 0.0, 0.0, -0.0, 0.0, 0.0, 0.0, 0.0
32.836343, 0.0, 0.0, 0.0, -0.0, 0.0, 0.0, 0.0, 0.0
32.856283, 0.0, 0.0, 0.0, -0.0, 0.0, 0.0, 0.0, 0.0
32.876248, 0.0, 0.0, 0.0, -0.0, 0.0, 0.0, 0.0, 0.0
32.896191, 0.0, 0.0, 0.0, -0.0, 0.0, 0.0, 0.0, 0.0
32.916128, 0.0, 0.0, 0.0, -0.0, 0.0, 0.0, 0.0, 0.0
32.936082, 0.0, 0.0, 0.0, -0.0, 0.0, 0.0, 0.0, 0.0
32.956031, 0.0, 0.0, 0.0, -0.0, 0.0, 0.0, 0.0, 0.0
32.975973, 0.0, 0.0, 0.0, -0.0, 0.0, 0.0, 0.0, 0.0
32.995931, 0.0, 0.0, 0.0, -0.0, 0.0, 0.0, 0.0, 0.0
33.01592, 0.0, 0.0, 0.0, -0.0, 0.0, 0.0, 0.0, 0.0
33.035837, 0.0, 0.0, 0.0, -0.0, 0.0, 0.0, 0.0, 0.0
33.055764, 0.0, 0.0, 0.0, -0.0, 0.0, 0.0, 0.0, 0.0
33.0767, 0.0, 0.0, 0.0, -0.0, 0.0, 0.0, 0.0, 0.0
33.096878, 0.0, 0.0, 0.0, -0.0, 0.0, 0.0, 0.0, 0.0
33.115602, 0.0, 0.0, 0.0, -0.0, 0.0, 0.0, 0.0, 0.0
33.136537, 0.0, 0.0, 0.0, -0.0, 0.0, 0.0, 0.0, 0.0
33.156482, 0.0, 0.0, 0.0, -0.0, 0.0, 0.0, 0.0, 0.0
33.176437, 0.0, 0.0, 0.0, -0.0, 0.0, 0.0, 0.0, 0.0
33.196486, 0.0, 0.0, 0.0, -0.0, 0.0, 0.0, 0.0, 0.0
33.216313, 0.0, 0.0, 0.0, -0.0, 0.0, 0.0, 0.0, 0.0
33.236282, 0.0, 0.0, 0.0, -0.0, 0.0, 0.0, 0.0, 0.0
33.256227, 0.0, 0.0, 0.0, -0.0, 0.0, 0.0, 0.0, 0.0
33.276207, 0.0, 0.0, 0.0, -0.0, 0.0, 0.0, 0.0, 0.0
33.296142, 0.0, 0.0, 0.0, -0.0, 0.0, 0.0, 0.0, 0.0
33.316062, 0.0, 0.0, 0.0, -0.0, 0.0, 0.0, 0.0, 0.0
33.336005, 0.0, 0.0, 0.0, -0.0, 0.0, 0.0, 0.0, 0.0
33.355944, 0.0, 0.0, 0.0, -0.0, 0.0, 0.0, 0.0, 0.0
33.375914, 0.0, 0.0, 0.0, -0.0, 0.0, 0.0, 0.0, 0.0
33.395977, 0.0, 0.0, 0.0, -0.0, 0.0, 0.0, 0.0, 0.0
33.415819, 0.0, 0.0, 0.0, -0.0, 0.0, 0.0, 0.0, 0.0
33.436734, 0.0, 0.0, 0.0, -0.0, 0.0, 0.0, 0.0, 0.0
33.456675, 0.0, 0.0, 0.0, -0.0, 0.0, 0.0, 0.0, 0.0
33.476645, 0.0, 0.0, 0.0, -0.0, 0.0, 0.0, 0.0, 0.0
33.49673, 0.0, 0.0, 0.0, -0.0, 0.0, 0.0, 0.0, 0.0
33.515519, 0.0, 0.0, 0.0, -0.0, 0.0, 0.0, 0.0, 0.0
33.536509, 0.0, 0.0, 0.0, -0.0, 0.0, 0.0, 0.0, 0.0
33.556418, 0.0, 0.0, 0.0, -0.0, 0.0, 0.0, 0.0, 0.0
33.576354, 0.0, 0.0, 0.0, -0.0, 0.0, 0.0, 0.0, 0.0
33.596333, 0.0, 0.0, 0.0, -0.0, 0.0, 0.0, 0.0, 0.0
33.616256, 0.0, 0.0, 0.0, -0.0, 0.0, 0.0, 0.0, 0.0
33.636236, 0.0, 0.0, 0.0, -0.0, 0.0, 0.0, 0.0, 0.0
33.656157, 0.0, 0.0, 0.0, -0.0, 0.0, 0.0, 0.0, 0.0
